 656 
 0.101956E-04  0.170645E+05  0.170645E+05  0.227526E+05  0.227526E+05  0.000000E+00  0.170645E+05
  0.105412E-04  0.170645E+05  0.170645E+05  0.227526E+05  0.227526E+05  0.000000E+00  0.170645E+05
  0.108984E-04  0.170645E+05  0.170645E+05  0.227526E+05  0.227526E+05  0.000000E+00  0.170645E+05
  0.112678E-04  0.170645E+05  0.170645E+05  0.227526E+05  0.227526E+05  0.000000E+00  0.170645E+05
  0.116498E-04  0.170645E+05  0.170645E+05  0.227526E+05  0.227526E+05  0.000000E+00  0.170645E+05
  0.120446E-04  0.170645E+05  0.170645E+05  0.227526E+05  0.227526E+05  0.000000E+00  0.170645E+05
  0.124529E-04  0.170645E+05  0.170645E+05  0.227526E+05  0.227526E+05  0.000000E+00  0.170645E+05
  0.128750E-04  0.170645E+05  0.170645E+05  0.227526E+05  0.227526E+05  0.000000E+00  0.170645E+05
  0.133114E-04  0.170645E+05  0.170645E+05  0.227526E+05  0.227526E+05  0.000000E+00  0.170645E+05
  0.137626E-04  0.170645E+05  0.170645E+05  0.227526E+05  0.227526E+05  0.000000E+00  0.170645E+05
  0.142291E-04  0.170645E+05  0.170645E+05  0.227526E+05  0.227526E+05  0.000000E+00  0.170645E+05
  0.147114E-04  0.170645E+05  0.170645E+05  0.227526E+05  0.227526E+05  0.000000E+00  0.170645E+05
  0.152100E-04  0.170645E+05  0.170645E+05  0.227526E+05  0.227526E+05  0.000000E+00  0.170645E+05
  0.157255E-04  0.170645E+05  0.170645E+05  0.227526E+05  0.227526E+05  0.000000E+00  0.170645E+05
  0.162586E-04  0.170645E+05  0.170645E+05  0.227526E+05  0.227526E+05  0.000000E+00  0.170645E+05
  0.168097E-04  0.170645E+05  0.170645E+05  0.227526E+05  0.227526E+05  0.000000E+00  0.170645E+05
  0.173794E-04  0.170645E+05  0.170645E+05  0.227526E+05  0.227526E+05  0.000000E+00  0.170645E+05
  0.179685E-04  0.170645E+05  0.170645E+05  0.227526E+05  0.227526E+05  0.000000E+00  0.170645E+05
  0.185775E-04  0.170645E+05  0.170645E+05  0.227526E+05  0.227526E+05  0.000000E+00  0.170645E+05
  0.192072E-04  0.170645E+05  0.170645E+05  0.227526E+05  0.227526E+05  0.000000E+00  0.170645E+05
  0.198583E-04  0.170645E+05  0.170645E+05  0.227526E+05  0.227526E+05  0.000000E+00  0.170645E+05
  0.205314E-04  0.170645E+05  0.170645E+05  0.227526E+05  0.227526E+05  0.000000E+00  0.170645E+05
  0.212273E-04  0.170645E+05  0.170645E+05  0.227526E+05  0.227526E+05  0.000000E+00  0.170645E+05
  0.219468E-04  0.170645E+05  0.170645E+05  0.227526E+05  0.227526E+05  0.000000E+00  0.170645E+05
  0.226907E-04  0.170645E+05  0.170645E+05  0.227526E+05  0.227526E+05  0.000000E+00  0.170645E+05
  0.234598E-04  0.170645E+05  0.170645E+05  0.227526E+05  0.227526E+05  0.000000E+00  0.170645E+05
  0.242549E-04  0.170645E+05  0.170645E+05  0.227526E+05  0.227526E+05  0.000000E+00  0.170645E+05
  0.250771E-04  0.170645E+05  0.170645E+05  0.227526E+05  0.227526E+05  0.000000E+00  0.170645E+05
  0.259270E-04  0.170645E+05  0.170645E+05  0.227526E+05  0.227526E+05  0.000000E+00  0.170645E+05
  0.268058E-04  0.170645E+05  0.170645E+05  0.227526E+05  0.227526E+05  0.000000E+00  0.170645E+05
  0.277144E-04  0.170645E+05  0.170645E+05  0.227526E+05  0.227526E+05  0.000000E+00  0.170645E+05
  0.286538E-04  0.170645E+05  0.170645E+05  0.227526E+05  0.227526E+05  0.000000E+00  0.170645E+05
  0.296250E-04  0.170645E+05  0.170645E+05  0.227526E+05  0.227526E+05  0.000000E+00  0.170645E+05
  0.306292E-04  0.170645E+05  0.170645E+05  0.227526E+05  0.227526E+05  0.000000E+00  0.170645E+05
  0.316674E-04  0.170645E+05  0.170645E+05  0.227526E+05  0.227526E+05  0.000000E+00  0.170645E+05
  0.327407E-04  0.170645E+05  0.170645E+05  0.227526E+05  0.227526E+05  0.000000E+00  0.170645E+05
  0.338505E-04  0.170645E+05  0.170645E+05  0.227526E+05  0.227526E+05  0.000000E+00  0.170645E+05
  0.349979E-04  0.170645E+05  0.170645E+05  0.227526E+05  0.227526E+05  0.000000E+00  0.170645E+05
  0.361841E-04  0.170645E+05  0.170645E+05  0.227526E+05  0.227526E+05  0.000000E+00  0.170645E+05
  0.374106E-04  0.170645E+05  0.170644E+05  0.227526E+05  0.227526E+05  0.000000E+00  0.170645E+05
  0.386786E-04  0.170645E+05  0.170644E+05  0.227526E+05  0.227526E+05  0.000000E+00  0.170645E+05
  0.399896E-04  0.170645E+05  0.170644E+05  0.227526E+05  0.227525E+05  0.000000E+00  0.170645E+05
  0.413451E-04  0.170645E+05  0.170644E+05  0.227526E+05  0.227525E+05  0.000000E+00  0.170645E+05
  0.427465E-04  0.170645E+05  0.170644E+05  0.227526E+05  0.227525E+05  0.000000E+00  0.170645E+05
  0.441954E-04  0.170645E+05  0.170644E+05  0.227526E+05  0.227525E+05  0.000000E+00  0.170645E+05
  0.456934E-04  0.170645E+05  0.170644E+05  0.227526E+05  0.227525E+05  0.000000E+00  0.170645E+05
  0.472422E-04  0.170645E+05  0.170644E+05  0.227526E+05  0.227525E+05  0.000000E+00  0.170645E+05
  0.488434E-04  0.170645E+05  0.170644E+05  0.227526E+05  0.227525E+05  0.000000E+00  0.170645E+05
  0.504990E-04  0.170645E+05  0.170644E+05  0.227526E+05  0.227525E+05  0.000000E+00  0.170645E+05
  0.522107E-04  0.170645E+05  0.170644E+05  0.227526E+05  0.227525E+05  0.000000E+00  0.170645E+05
  0.539803E-04  0.170645E+05  0.170644E+05  0.227526E+05  0.227525E+05  0.000000E+00  0.170645E+05
  0.558100E-04  0.170645E+05  0.170644E+05  0.227525E+05  0.227525E+05  0.000000E+00  0.170645E+05
  0.577017E-04  0.170645E+05  0.170644E+05  0.227525E+05  0.227524E+05  0.000000E+00  0.170645E+05
  0.596575E-04  0.170645E+05  0.170644E+05  0.227525E+05  0.227524E+05  0.000000E+00  0.170644E+05
  0.616796E-04  0.170645E+05  0.170644E+05  0.227525E+05  0.227524E+05  0.000000E+00  0.170644E+05
  0.637702E-04  0.170645E+05  0.170644E+05  0.227525E+05  0.227524E+05  0.000000E+00  0.170644E+05
  0.659317E-04  0.170645E+05  0.170644E+05  0.227525E+05  0.227524E+05  0.000000E+00  0.170644E+05
  0.681665E-04  0.170645E+05  0.170644E+05  0.227525E+05  0.227524E+05  0.000000E+00  0.170644E+05
  0.704770E-04  0.170645E+05  0.170644E+05  0.227525E+05  0.227524E+05  0.000000E+00  0.170644E+05
  0.728658E-04  0.170644E+05  0.170644E+05  0.227525E+05  0.227523E+05  0.000000E+00  0.170644E+05
  0.753356E-04  0.170644E+05  0.170644E+05  0.227525E+05  0.227523E+05  0.000000E+00  0.170644E+05
  0.778891E-04  0.170644E+05  0.170643E+05  0.227525E+05  0.227523E+05  0.000000E+00  0.170644E+05
  0.805292E-04  0.170644E+05  0.170643E+05  0.227524E+05  0.227523E+05  0.000000E+00  0.170644E+05
  0.832588E-04  0.170644E+05  0.170643E+05  0.227524E+05  0.227522E+05  0.000000E+00  0.170644E+05
  0.860808E-04  0.170644E+05  0.170643E+05  0.227524E+05  0.227522E+05  0.000000E+00  0.170644E+05
  0.889986E-04  0.170644E+05  0.170643E+05  0.227524E+05  0.227522E+05  0.000000E+00  0.170644E+05
  0.920152E-04  0.170644E+05  0.170643E+05  0.227524E+05  0.227522E+05  0.000000E+00  0.170644E+05
  0.951340E-04  0.170644E+05  0.170643E+05  0.227524E+05  0.227521E+05  0.000000E+00  0.170644E+05
  0.983586E-04  0.170644E+05  0.170643E+05  0.227524E+05  0.227521E+05  0.000000E+00  0.170644E+05
  0.101692E-03  0.170644E+05  0.170643E+05  0.227523E+05  0.227520E+05  0.000000E+00  0.170644E+05
  0.105139E-03  0.170644E+05  0.170642E+05  0.227523E+05  0.227520E+05  0.000000E+00  0.170644E+05
  0.108703E-03  0.170644E+05  0.170642E+05  0.227523E+05  0.227520E+05  0.000000E+00  0.170644E+05
  0.112388E-03  0.170644E+05  0.170642E+05  0.227523E+05  0.227519E+05  0.000000E+00  0.170644E+05
  0.116197E-03  0.170644E+05  0.170642E+05  0.227522E+05  0.227519E+05  0.000000E+00  0.170644E+05
  0.120135E-03  0.170644E+05  0.170642E+05  0.227522E+05  0.227518E+05  0.000000E+00  0.170644E+05
  0.124207E-03  0.170644E+05  0.170642E+05  0.227522E+05  0.227518E+05  0.000000E+00  0.170644E+05
  0.128417E-03  0.170644E+05  0.170641E+05  0.227522E+05  0.227517E+05  0.000000E+00  0.170643E+05
  0.132770E-03  0.170644E+05  0.170641E+05  0.227521E+05  0.227516E+05  0.000000E+00  0.170643E+05
  0.137271E-03  0.170644E+05  0.170641E+05  0.227521E+05  0.227516E+05  0.000000E+00  0.170643E+05
  0.141923E-03  0.170644E+05  0.170641E+05  0.227520E+05  0.227515E+05  0.000000E+00  0.170643E+05
  0.146734E-03  0.170644E+05  0.170640E+05  0.227520E+05  0.227514E+05  0.000000E+00  0.170643E+05
  0.151707E-03  0.170643E+05  0.170640E+05  0.227520E+05  0.227513E+05  0.000000E+00  0.170643E+05
  0.156849E-03  0.170643E+05  0.170640E+05  0.227519E+05  0.227512E+05  0.000000E+00  0.170643E+05
  0.162166E-03  0.170643E+05  0.170639E+05  0.227519E+05  0.227511E+05  0.000000E+00  0.170643E+05
  0.167663E-03  0.170643E+05  0.170639E+05  0.227518E+05  0.227510E+05  0.000000E+00  0.170642E+05
  0.173345E-03  0.170643E+05  0.170638E+05  0.227518E+05  0.227509E+05  0.000000E+00  0.170642E+05
  0.179221E-03  0.170643E+05  0.170638E+05  0.227517E+05  0.227508E+05  0.000000E+00  0.170642E+05
  0.185296E-03  0.170643E+05  0.170638E+05  0.227516E+05  0.227507E+05  0.000000E+00  0.170642E+05
  0.191576E-03  0.170643E+05  0.170637E+05  0.227516E+05  0.227505E+05  0.000000E+00  0.170642E+05
  0.198070E-03  0.170643E+05  0.170637E+05  0.227515E+05  0.227504E+05  0.000000E+00  0.170642E+05
  0.204784E-03  0.170642E+05  0.170636E+05  0.227514E+05  0.227502E+05  0.000000E+00  0.170641E+05
  0.211725E-03  0.170642E+05  0.170635E+05  0.227513E+05  0.227501E+05  0.000000E+00  0.170641E+05
  0.218901E-03  0.170642E+05  0.170635E+05  0.227512E+05  0.227499E+05  0.000000E+00  0.170641E+05
  0.226321E-03  0.170642E+05  0.170634E+05  0.227511E+05  0.227497E+05  0.000000E+00  0.170641E+05
  0.233992E-03  0.170642E+05  0.170633E+05  0.227510E+05  0.227495E+05  0.000000E+00  0.170640E+05
  0.241923E-03  0.170642E+05  0.170632E+05  0.227509E+05  0.227493E+05  0.000000E+00  0.170640E+05
  0.250123E-03  0.170641E+05  0.170632E+05  0.227508E+05  0.227491E+05  0.000000E+00  0.170640E+05
  0.258601E-03  0.170641E+05  0.170631E+05  0.227507E+05  0.227488E+05  0.000000E+00  0.170639E+05
  0.267366E-03  0.170641E+05  0.170630E+05  0.227505E+05  0.227485E+05  0.000000E+00  0.170639E+05
  0.276429E-03  0.170641E+05  0.170629E+05  0.227504E+05  0.227483E+05  0.000000E+00  0.170638E+05
  0.285798E-03  0.170640E+05  0.170628E+05  0.227502E+05  0.227480E+05  0.000000E+00  0.170638E+05
  0.295486E-03  0.170640E+05  0.170626E+05  0.227501E+05  0.227476E+05  0.000000E+00  0.170638E+05
  0.305501E-03  0.170640E+05  0.170625E+05  0.227499E+05  0.227473E+05  0.000000E+00  0.170637E+05
  0.315856E-03  0.170639E+05  0.170624E+05  0.227497E+05  0.227469E+05  0.000000E+00  0.170637E+05
  0.326562E-03  0.170639E+05  0.170622E+05  0.227495E+05  0.227465E+05  0.000000E+00  0.170636E+05
  0.337631E-03  0.170638E+05  0.170621E+05  0.227493E+05  0.227461E+05  0.000000E+00  0.170635E+05
  0.349075E-03  0.170638E+05  0.170619E+05  0.227491E+05  0.227457E+05  0.000000E+00  0.170635E+05
  0.360907E-03  0.170638E+05  0.170617E+05  0.227488E+05  0.227452E+05  0.000000E+00  0.170634E+05
  0.373140E-03  0.170637E+05  0.170615E+05  0.227486E+05  0.227447E+05  0.000000E+00  0.170633E+05
  0.385788E-03  0.170636E+05  0.170613E+05  0.227483E+05  0.227441E+05  0.000000E+00  0.170633E+05
  0.398864E-03  0.170636E+05  0.170611E+05  0.227480E+05  0.227435E+05  0.000000E+00  0.170632E+05
  0.412383E-03  0.170635E+05  0.170609E+05  0.227477E+05  0.227429E+05  0.000000E+00  0.170631E+05
  0.426361E-03  0.170635E+05  0.170606E+05  0.227473E+05  0.227422E+05  0.000000E+00  0.170630E+05
  0.440813E-03  0.170634E+05  0.170604E+05  0.227470E+05  0.227415E+05  0.000000E+00  0.170629E+05
  0.455754E-03  0.170633E+05  0.170601E+05  0.227466E+05  0.227407E+05  0.000000E+00  0.170628E+05
  0.471202E-03  0.170632E+05  0.170598E+05  0.227461E+05  0.227399E+05  0.000000E+00  0.170627E+05
  0.487173E-03  0.170632E+05  0.170595E+05  0.227457E+05  0.227391E+05  0.000000E+00  0.170625E+05
  0.503686E-03  0.170631E+05  0.170591E+05  0.227452E+05  0.227381E+05  0.000000E+00  0.170624E+05
  0.520759E-03  0.170630E+05  0.170588E+05  0.227447E+05  0.227371E+05  0.000000E+00  0.170622E+05
  0.538410E-03  0.170629E+05  0.170584E+05  0.227442E+05  0.227360E+05  0.000000E+00  0.170621E+05
  0.556659E-03  0.170628E+05  0.170579E+05  0.227436E+05  0.227349E+05  0.000000E+00  0.170619E+05
  0.575527E-03  0.170626E+05  0.170575E+05  0.227430E+05  0.227337E+05  0.000000E+00  0.170618E+05
  0.595035E-03  0.170625E+05  0.170570E+05  0.227423E+05  0.227324E+05  0.000000E+00  0.170616E+05
  0.615204E-03  0.170624E+05  0.170565E+05  0.227416E+05  0.227310E+05  0.000000E+00  0.170614E+05
  0.636056E-03  0.170622E+05  0.170559E+05  0.227408E+05  0.227295E+05  0.000000E+00  0.170612E+05
  0.657615E-03  0.170621E+05  0.170553E+05  0.227400E+05  0.227279E+05  0.000000E+00  0.170609E+05
  0.679905E-03  0.170619E+05  0.170547E+05  0.227391E+05  0.227262E+05  0.000000E+00  0.170607E+05
  0.702951E-03  0.170617E+05  0.170540E+05  0.227382E+05  0.227244E+05  0.000000E+00  0.170604E+05
  0.726777E-03  0.170615E+05  0.170533E+05  0.227372E+05  0.227224E+05  0.000000E+00  0.170601E+05
  0.751412E-03  0.170613E+05  0.170526E+05  0.227361E+05  0.227203E+05  0.000000E+00  0.170598E+05
  0.776881E-03  0.170611E+05  0.170517E+05  0.227350E+05  0.227181E+05  0.000000E+00  0.170595E+05
  0.803213E-03  0.170609E+05  0.170509E+05  0.227338E+05  0.227157E+05  0.000000E+00  0.170592E+05
  0.830438E-03  0.170606E+05  0.170499E+05  0.227325E+05  0.227132E+05  0.000000E+00  0.170588E+05
  0.858586E-03  0.170604E+05  0.170489E+05  0.227311E+05  0.227105E+05  0.000000E+00  0.170584E+05
  0.887688E-03  0.170601E+05  0.170478E+05  0.227296E+05  0.227076E+05  0.000000E+00  0.170580E+05
  0.917776E-03  0.170598E+05  0.170467E+05  0.227280E+05  0.227044E+05  0.000000E+00  0.170576E+05
  0.948884E-03  0.170595E+05  0.170455E+05  0.227263E+05  0.227011E+05  0.000000E+00  0.170571E+05
  0.981047E-03  0.170591E+05  0.170442E+05  0.227245E+05  0.226976E+05  0.000000E+00  0.170566E+05
  0.101430E-02  0.170587E+05  0.170428E+05  0.227226E+05  0.226938E+05  0.000000E+00  0.170560E+05
  0.104868E-02  0.170583E+05  0.170413E+05  0.227205E+05  0.226897E+05  0.000000E+00  0.170554E+05
  0.108422E-02  0.170579E+05  0.170397E+05  0.227183E+05  0.226854E+05  0.000000E+00  0.170548E+05
  0.112097E-02  0.170575E+05  0.170380E+05  0.227159E+05  0.226808E+05  0.000000E+00  0.170541E+05
  0.115897E-02  0.170570E+05  0.170361E+05  0.227134E+05  0.226758E+05  0.000000E+00  0.170534E+05
  0.119825E-02  0.170565E+05  0.170342E+05  0.227107E+05  0.226705E+05  0.000000E+00  0.170527E+05
  0.123887E-02  0.170559E+05  0.170321E+05  0.227078E+05  0.226649E+05  0.000000E+00  0.170519E+05
  0.128086E-02  0.170553E+05  0.170298E+05  0.227047E+05  0.226589E+05  0.000000E+00  0.170510E+05
  0.132427E-02  0.170547E+05  0.170275E+05  0.227014E+05  0.226524E+05  0.000000E+00  0.170501E+05
  0.136916E-02  0.170540E+05  0.170249E+05  0.226979E+05  0.226455E+05  0.000000E+00  0.170491E+05
  0.141557E-02  0.170533E+05  0.170222E+05  0.226941E+05  0.226381E+05  0.000000E+00  0.170480E+05
  0.146355E-02  0.170525E+05  0.170193E+05  0.226900E+05  0.226303E+05  0.000000E+00  0.170469E+05
  0.151316E-02  0.170517E+05  0.170162E+05  0.226857E+05  0.226218E+05  0.000000E+00  0.170457E+05
  0.156445E-02  0.170508E+05  0.170128E+05  0.226811E+05  0.226129E+05  0.000000E+00  0.170444E+05
  0.161747E-02  0.170499E+05  0.170093E+05  0.226762E+05  0.226032E+05  0.000000E+00  0.170430E+05
  0.167230E-02  0.170489E+05  0.170055E+05  0.226709E+05  0.225930E+05  0.000000E+00  0.170415E+05
  0.172898E-02  0.170478E+05  0.170014E+05  0.226653E+05  0.225820E+05  0.000000E+00  0.170399E+05
  0.178758E-02  0.170467E+05  0.169971E+05  0.226593E+05  0.225703E+05  0.000000E+00  0.170382E+05
  0.184817E-02  0.170455E+05  0.169924E+05  0.226529E+05  0.225578E+05  0.000000E+00  0.170364E+05
  0.191082E-02  0.170441E+05  0.169875E+05  0.226460E+05  0.225444E+05  0.000000E+00  0.170345E+05
  0.197559E-02  0.170427E+05  0.169822E+05  0.226387E+05  0.225301E+05  0.000000E+00  0.170324E+05
  0.204255E-02  0.170412E+05  0.169765E+05  0.226309E+05  0.225148E+05  0.000000E+00  0.170302E+05
  0.211178E-02  0.170396E+05  0.169705E+05  0.226225E+05  0.224985E+05  0.000000E+00  0.170279E+05
  0.218336E-02  0.170379E+05  0.169640E+05  0.226135E+05  0.224811E+05  0.000000E+00  0.170253E+05
  0.225737E-02  0.170361E+05  0.169571E+05  0.226040E+05  0.224625E+05  0.000000E+00  0.170227E+05
  0.233388E-02  0.170342E+05  0.169497E+05  0.225937E+05  0.224426E+05  0.000000E+00  0.170198E+05
  0.241299E-02  0.170321E+05  0.169418E+05  0.225828E+05  0.224213E+05  0.000000E+00  0.170167E+05
  0.249477E-02  0.170298E+05  0.169334E+05  0.225711E+05  0.223987E+05  0.000000E+00  0.170134E+05
  0.257933E-02  0.170275E+05  0.169244E+05  0.225587E+05  0.223744E+05  0.000000E+00  0.170099E+05
  0.266676E-02  0.170249E+05  0.169148E+05  0.225453E+05  0.223486E+05  0.000000E+00  0.170061E+05
  0.275715E-02  0.170222E+05  0.169045E+05  0.225311E+05  0.223210E+05  0.000000E+00  0.170021E+05
  0.285060E-02  0.170193E+05  0.168935E+05  0.225159E+05  0.222915E+05  0.000000E+00  0.169979E+05
  0.294723E-02  0.170162E+05  0.168817E+05  0.224996E+05  0.222600E+05  0.000000E+00  0.169933E+05
  0.304712E-02  0.170129E+05  0.168692E+05  0.224823E+05  0.222264E+05  0.000000E+00  0.169884E+05
  0.315041E-02  0.170093E+05  0.168558E+05  0.224637E+05  0.221905E+05  0.000000E+00  0.169832E+05
  0.325719E-02  0.170055E+05  0.168415E+05  0.224439E+05  0.221522E+05  0.000000E+00  0.169776E+05
  0.336759E-02  0.170015E+05  0.168262E+05  0.224228E+05  0.221113E+05  0.000000E+00  0.169716E+05
  0.348174E-02  0.169971E+05  0.168099E+05  0.224001E+05  0.220677E+05  0.000000E+00  0.169652E+05
  0.359975E-02  0.169925E+05  0.167924E+05  0.223760E+05  0.220211E+05  0.000000E+00  0.169584E+05
  0.372177E-02  0.169876E+05  0.167738E+05  0.223502E+05  0.219715E+05  0.000000E+00  0.169512E+05
  0.384792E-02  0.169823E+05  0.167539E+05  0.223227E+05  0.219185E+05  0.000000E+00  0.169434E+05
  0.397834E-02  0.169767E+05  0.167326E+05  0.222933E+05  0.218620E+05  0.000000E+00  0.169351E+05
  0.411319E-02  0.169706E+05  0.167099E+05  0.222619E+05  0.218017E+05  0.000000E+00  0.169262E+05
  0.425260E-02  0.169642E+05  0.166857E+05  0.222283E+05  0.217375E+05  0.000000E+00  0.169168E+05
  0.439675E-02  0.169573E+05  0.166598E+05  0.221925E+05  0.216690E+05  0.000000E+00  0.169066E+05
  0.454577E-02  0.169500E+05  0.166322E+05  0.221543E+05  0.215960E+05  0.000000E+00  0.168959E+05
  0.469985E-02  0.169422E+05  0.166027E+05  0.221135E+05  0.215182E+05  0.000000E+00  0.168843E+05
  0.485916E-02  0.169338E+05  0.165712E+05  0.220699E+05  0.214353E+05  0.000000E+00  0.168720E+05
  0.502386E-02  0.169248E+05  0.165376E+05  0.220234E+05  0.213470E+05  0.000000E+00  0.168589E+05
  0.519414E-02  0.169153E+05  0.165017E+05  0.219738E+05  0.212530E+05  0.000000E+00  0.168448E+05
  0.537020E-02  0.169051E+05  0.164635E+05  0.219209E+05  0.211529E+05  0.000000E+00  0.168299E+05
  0.555222E-02  0.168942E+05  0.164226E+05  0.218644E+05  0.210464E+05  0.000000E+00  0.168139E+05
  0.574042E-02  0.168826E+05  0.163791E+05  0.218042E+05  0.209330E+05  0.000000E+00  0.167968E+05
  0.593499E-02  0.168702E+05  0.163326E+05  0.217399E+05  0.208124E+05  0.000000E+00  0.167786E+05
  0.613615E-02  0.168570E+05  0.162830E+05  0.216714E+05  0.206842E+05  0.000000E+00  0.167592E+05
  0.634414E-02  0.168428E+05  0.162302E+05  0.215983E+05  0.205479E+05  0.000000E+00  0.167385E+05
  0.655917E-02  0.168278E+05  0.161738E+05  0.215204E+05  0.204031E+05  0.000000E+00  0.167164E+05
  0.678150E-02  0.168117E+05  0.161137E+05  0.214374E+05  0.202492E+05  0.000000E+00  0.166928E+05
  0.701136E-02  0.167945E+05  0.160497E+05  0.213489E+05  0.200860E+05  0.000000E+00  0.166676E+05
  0.724901E-02  0.167762E+05  0.159814E+05  0.212546E+05  0.199127E+05  0.000000E+00  0.166408E+05
  0.749471E-02  0.167567E+05  0.159087E+05  0.211542E+05  0.197289E+05  0.000000E+00  0.166122E+05
  0.774875E-02  0.167358E+05  0.158313E+05  0.210472E+05  0.195342E+05  0.000000E+00  0.165817E+05
  0.801139E-02  0.167136E+05  0.157488E+05  0.209333E+05  0.193278E+05  0.000000E+00  0.165493E+05
  0.828294E-02  0.166900E+05  0.156610E+05  0.208121E+05  0.191094E+05  0.000000E+00  0.165147E+05
  0.856369E-02  0.166647E+05  0.155676E+05  0.206831E+05  0.188783E+05  0.000000E+00  0.164778E+05
  0.885396E-02  0.166378E+05  0.154682E+05  0.205459E+05  0.186340E+05  0.000000E+00  0.164385E+05
  0.915407E-02  0.166092E+05  0.153624E+05  0.204000E+05  0.183759E+05  0.000000E+00  0.163967E+05
  0.946434E-02  0.165786E+05  0.152500E+05  0.202448E+05  0.181035E+05  0.000000E+00  0.163523E+05
  0.978514E-02  0.165461E+05  0.151304E+05  0.200800E+05  0.178163E+05  0.000000E+00  0.163049E+05
  0.101168E-01  0.165115E+05  0.150035E+05  0.199050E+05  0.175136E+05  0.000000E+00  0.162546E+05
  0.104597E-01  0.164746E+05  0.148686E+05  0.197191E+05  0.171952E+05  0.000000E+00  0.162010E+05
  0.108143E-01  0.164354E+05  0.147255E+05  0.195219E+05  0.168603E+05  0.000000E+00  0.161441E+05
  0.111808E-01  0.163937E+05  0.145736E+05  0.193127E+05  0.165088E+05  0.000000E+00  0.160836E+05
  0.115598E-01  0.163493E+05  0.144125E+05  0.190909E+05  0.161401E+05  0.000000E+00  0.160193E+05
  0.119516E-01  0.163021E+05  0.142418E+05  0.188560E+05  0.157540E+05  0.000000E+00  0.159511E+05
  0.123567E-01  0.162519E+05  0.140610E+05  0.186072E+05  0.153503E+05  0.000000E+00  0.158787E+05
  0.127755E-01  0.161986E+05  0.138696E+05  0.183441E+05  0.149288E+05  0.000000E+00  0.158018E+05
  0.132086E-01  0.161421E+05  0.136672E+05  0.180659E+05  0.144895E+05  0.000000E+00  0.157204E+05
  0.136563E-01  0.160820E+05  0.134532E+05  0.177719E+05  0.140324E+05  0.000000E+00  0.156341E+05
  0.141191E-01  0.160183E+05  0.132272E+05  0.174617E+05  0.135578E+05  0.000000E+00  0.155427E+05
  0.145977E-01  0.159507E+05  0.129887E+05  0.171345E+05  0.130661E+05  0.000000E+00  0.154460E+05
  0.150925E-01  0.158791E+05  0.127372E+05  0.167898E+05  0.125578E+05  0.000000E+00  0.153438E+05
  0.156041E-01  0.158032E+05  0.124724E+05  0.164269E+05  0.120337E+05  0.000000E+00  0.152357E+05
  0.161330E-01  0.157228E+05  0.121938E+05  0.160455E+05  0.114947E+05  0.000000E+00  0.151216E+05
  0.166798E-01  0.156378E+05  0.119010E+05  0.156450E+05  0.109419E+05  0.000000E+00  0.150012E+05
  0.172452E-01  0.155479E+05  0.115937E+05  0.152250E+05  0.103768E+05  0.000000E+00  0.148743E+05
  0.178297E-01  0.154530E+05  0.112716E+05  0.147852E+05  0.980107E+04  0.000000E+00  0.147406E+05
  0.184340E-01  0.153527E+05  0.109344E+05  0.143252E+05  0.921661E+04  0.000000E+00  0.146000E+05
  0.190588E-01  0.152469E+05  0.105820E+05  0.138451E+05  0.862564E+04  0.000000E+00  0.144522E+05
  0.197048E-01  0.151354E+05  0.102144E+05  0.133448E+05  0.803064E+04  0.000000E+00  0.142970E+05
  0.203727E-01  0.150180E+05  0.983152E+04  0.128244E+05  0.743438E+04  0.000000E+00  0.141344E+05
  0.210633E-01  0.148944E+05  0.943354E+04  0.122842E+05  0.683989E+04  0.000000E+00  0.139640E+05
  0.217772E-01  0.147645E+05  0.902074E+04  0.117247E+05  0.625041E+04  0.000000E+00  0.137860E+05
  0.225154E-01  0.146281E+05  0.859355E+04  0.111466E+05  0.566944E+04  0.000000E+00  0.136000E+05
  0.232785E-01  0.144851E+05  0.815256E+04  0.105509E+05  0.510061E+04  0.000000E+00  0.134062E+05
  0.240676E-01  0.143352E+05  0.769855E+04  0.993875E+04  0.454770E+04  0.000000E+00  0.132045E+05
  0.248833E-01  0.141783E+05  0.723251E+04  0.931164E+04  0.401451E+04  0.000000E+00  0.129950E+05
  0.257268E-01  0.140144E+05  0.675565E+04  0.867138E+04  0.350483E+04  0.000000E+00  0.127777E+05
  0.265988E-01  0.138433E+05  0.626942E+04  0.802010E+04  0.302229E+04  0.000000E+00  0.125530E+05
  0.275003E-01  0.136650E+05  0.577553E+04  0.736028E+04  0.257032E+04  0.000000E+00  0.123209E+05
  0.284325E-01  0.134795E+05  0.527598E+04  0.669477E+04  0.215198E+04  0.000000E+00  0.120818E+05
  0.293962E-01  0.132866E+05  0.477303E+04  0.602681E+04  0.176984E+04  0.000000E+00  0.118361E+05
  0.303926E-01  0.130865E+05  0.426924E+04  0.536001E+04  0.142588E+04  0.000000E+00  0.115843E+05
  0.314227E-01  0.128793E+05  0.376751E+04  0.469840E+04  0.112138E+04  0.000000E+00  0.113269E+05
  0.324878E-01  0.126651E+05  0.327095E+04  0.404632E+04  0.856723E+03  0.000000E+00  0.110646E+05
  0.335890E-01  0.124478E+05  0.278624E+04  0.341260E+04  0.865281E+03  0.000000E+00  0.108017E+05
  0.347275E-01  0.122206E+05  0.231113E+04  0.279466E+04  0.708946E+03  0.000000E+00  0.105323E+05
  0.359046E-01  0.119871E+05  0.185233E+04  0.220137E+04  0.590779E+03  0.000000E+00  0.102604E+05
  0.371216E-01  0.117475E+05  0.141395E+04  0.163814E+04  0.507262E+03  0.000000E+00  0.998698E+04
  0.383798E-01  0.115023E+05  0.100021E+04  0.111052E+04  0.453941E+03  0.000000E+00  0.971305E+04
  0.396807E-01  0.112518E+05  0.615368E+03  0.623992E+03  0.425570E+03  0.000000E+00  0.943968E+04
  0.410257E-01  0.109965E+05  0.263657E+03  0.183890E+03  0.416347E+03  0.000000E+00  0.916797E+04
  0.424162E-01  0.107357E+05 -0.519153E+02 -0.206097E+03  0.301056E+03  0.000000E+00  0.889779E+04
  0.438539E-01  0.104720E+05 -0.325740E+03 -0.539189E+03  0.290776E+03  0.000000E+00  0.863241E+04
  0.453404E-01  0.102051E+05 -0.555362E+03 -0.812710E+03  0.279450E+03  0.000000E+00  0.837187E+04
  0.468772E-01  0.993562E+04 -0.738051E+03 -0.102382E+04  0.262452E+03  0.000000E+00  0.811714E+04
  0.484661E-01  0.966411E+04 -0.871859E+03 -0.117085E+04  0.236487E+03  0.000000E+00  0.786909E+04
  0.501089E-01  0.939136E+04 -0.955164E+03 -0.125293E+04  0.199902E+03  0.000000E+00  0.762862E+04
  0.518073E-01  0.911854E+04 -0.988835E+03 -0.127187E+04  0.226469E+03  0.000000E+00  0.739654E+04
  0.535634E-01  0.884544E+04 -0.974396E+03 -0.123101E+04  0.186856E+03  0.000000E+00  0.717243E+04
  0.553789E-01  0.857325E+04 -0.914234E+03 -0.113471E+04  0.144547E+03  0.000000E+00  0.695686E+04
  0.572560E-01  0.830271E+04 -0.812568E+03 -0.989653E+03  0.104093E+03  0.000000E+00  0.674973E+04
  0.591966E-01  0.803458E+04 -0.675138E+03 -0.804385E+03  0.703522E+02  0.000000E+00  0.655070E+04
  0.612031E-01  0.776925E+04 -0.509380E+03 -0.589422E+03 -0.177418E+01  0.000000E+00  0.635882E+04
  0.632776E-01  0.750800E+04 -0.323494E+03 -0.356042E+03 -0.229978E+02  0.000000E+00  0.617374E+04
  0.654224E-01  0.725121E+04 -0.127341E+03 -0.117195E+03 -0.313258E+02  0.000000E+00  0.599412E+04
  0.676399E-01  0.699951E+04  0.685992E+02  0.113849E+03 -0.281333E+02  0.000000E+00  0.581869E+04
  0.699326E-01  0.675341E+04  0.253478E+03  0.323947E+03 -0.169821E+02  0.000000E+00  0.564602E+04
  0.723029E-01  0.651355E+04  0.416840E+03  0.501086E+03  0.309062E+02  0.000000E+00  0.547485E+04
  0.747537E-01  0.627994E+04  0.548768E+03  0.634665E+03  0.505443E+02  0.000000E+00  0.530352E+04
  0.772874E-01  0.605296E+04  0.641260E+03  0.717106E+03  0.635269E+02  0.000000E+00  0.513096E+04
  0.799071E-01  0.583270E+04  0.688623E+03  0.744263E+03  0.667788E+02  0.000000E+00  0.495630E+04
  0.826156E-01  0.561915E+04  0.688195E+03  0.716123E+03  0.600245E+02  0.000000E+00  0.477906E+04
  0.854158E-01  0.541221E+04  0.640883E+03  0.637177E+03  0.459129E+02  0.000000E+00  0.459932E+04
  0.883110E-01  0.521165E+04  0.551505E+03  0.516434E+03  0.292263E+02  0.000000E+00  0.441770E+04
  0.913043E-01  0.501720E+04  0.428745E+03  0.366921E+03  0.152984E+02  0.000000E+00  0.423546E+04
  0.943991E-01  0.482853E+04  0.284686E+03  0.204653E+03  0.809008E+01  0.000000E+00  0.405439E+04
  0.975987E-01  0.464533E+04  0.133958E+03  0.471406E+02  0.864612E+01  0.000000E+00  0.387673E+04
  0.100907E+00  0.446728E+04 -0.767948E+01 -0.885980E+02  0.146424E+02  0.000000E+00  0.370488E+04
  0.104327E+00  0.429415E+04 -0.125052E+03 -0.188186E+03  0.214173E+02  0.000000E+00  0.354125E+04
  0.107863E+00  0.412573E+04 -0.205566E+03 -0.242012E+03  0.242215E+02  0.000000E+00  0.338781E+04
  0.111519E+00  0.396193E+04 -0.241112E+03 -0.246903E+03  0.207127E+02  0.000000E+00  0.324585E+04
  0.115299E+00  0.380270E+04 -0.229652E+03 -0.206991E+03  0.123498E+02  0.000000E+00  0.311571E+04
  0.119207E+00  0.364811E+04 -0.176043E+03 -0.133432E+03  0.368293E+01  0.000000E+00  0.299659E+04
  0.123248E+00  0.349826E+04 -0.918253E+02 -0.427833E+02 -0.354252E+00  0.000000E+00  0.288661E+04
  0.127425E+00  0.335326E+04  0.623330E+01  0.458354E+02  0.234669E+01  0.000000E+00  0.278303E+04
  0.131745E+00  0.321324E+04  0.988460E+02  0.114478E+03  0.955733E+01  0.000000E+00  0.268264E+04
  0.136210E+00  0.307827E+04  0.167798E+03  0.150208E+03  0.162989E+02  0.000000E+00  0.258241E+04
  0.140827E+00  0.294834E+04  0.199831E+03  0.148174E+03  0.187079E+02  0.000000E+00  0.248008E+04
  0.145600E+00  0.282335E+04  0.189931E+03  0.112939E+03  0.171967E+02  0.000000E+00  0.237469E+04
  0.150535E+00  0.270312E+04  0.143001E+03  0.574094E+02  0.159085E+02  0.000000E+00  0.226695E+04
  0.155638E+00  0.258741E+04  0.731663E+02 -0.698293E+00  0.184339E+02  0.000000E+00  0.215905E+04
  0.160913E+00  0.247595E+04  0.447585E+00 -0.441180E+02  0.236397E+02  0.000000E+00  0.205420E+04
  0.166367E+00  0.236851E+04 -0.547327E+02 -0.615094E+02  0.262066E+02  0.000000E+00  0.195566E+04
  0.172006E+00  0.226491E+04 -0.777391E+02 -0.511945E+02  0.220522E+02  0.000000E+00  0.186579E+04
  0.177837E+00  0.216503E+04 -0.647049E+02 -0.215591E+02  0.129675E+02  0.000000E+00  0.178515E+04
  0.183864E+00  0.206883E+04 -0.241525E+02  0.124909E+02  0.473545E+01  0.000000E+00  0.171225E+04
  0.190096E+00  0.197631E+04  0.258308E+02  0.358943E+02  0.671001E+00  0.000000E+00  0.164400E+04
  0.196540E+00  0.188746E+04  0.644669E+02  0.400078E+02 -0.966373E+00  0.000000E+00  0.157688E+04
  0.203202E+00  0.180225E+04  0.768263E+02  0.262405E+02 -0.227101E+01  0.000000E+00  0.150829E+04
  0.210089E+00  0.172057E+04  0.603419E+02  0.465599E+01 -0.166007E+01  0.000000E+00  0.143772E+04
  0.217210E+00  0.164226E+04  0.259145E+02 -0.120080E+02  0.207039E+01  0.000000E+00  0.136688E+04
  0.224572E+00  0.156713E+04 -0.764648E+01 -0.156984E+02  0.495226E+01  0.000000E+00  0.129884E+04
  0.232184E+00  0.149504E+04 -0.235910E+02 -0.734607E+01  0.313518E+01  0.000000E+00  0.123631E+04
  0.240054E+00  0.142583E+04 -0.163545E+02  0.475887E+01  0.324931E-01  0.000000E+00  0.118013E+04
  0.248191E+00  0.135945E+04  0.569844E+01  0.114464E+02  0.347543E+00  0.000000E+00  0.112881E+04
  0.256603E+00  0.129584E+04  0.261676E+02  0.926995E+01  0.151849E+01  0.000000E+00  0.107952E+04
  0.265301E+00  0.123495E+04  0.317519E+02  0.215262E+01  0.635595E+00  0.000000E+00  0.102996E+04
  0.274293E+00  0.117671E+04  0.210971E+02 -0.302427E+01  0.114702E+01  0.000000E+00  0.979828E+03
  0.283590E+00  0.112100E+04  0.471246E+01 -0.273638E+01  0.344154E+01  0.000000E+00  0.930816E+03
  0.293203E+00  0.106769E+04 -0.420089E+01  0.818268E+00  0.347142E+01  0.000000E+00  0.885072E+03
  0.303141E+00  0.101668E+04 -0.595025E+00  0.312192E+01  0.295508E+01  0.000000E+00  0.843370E+03
  0.313416E+00  0.967892E+03  0.920582E+01  0.234111E+01  0.310798E+01  0.000000E+00  0.804560E+03
  0.324039E+00  0.921248E+03  0.146629E+02  0.409998E+00  0.102021E+01  0.000000E+00  0.766793E+03
  0.335023E+00  0.876681E+03  0.114361E+02 -0.257033E+00 -0.554508E+00  0.000000E+00  0.729269E+03
  0.346378E+00  0.834112E+03  0.459281E+01  0.364696E+00 -0.411307E+00  0.000000E+00  0.692787E+03
  0.358119E+00  0.793456E+03  0.176569E+01  0.832466E+00  0.324033E-01  0.000000E+00  0.658575E+03
  0.370257E+00  0.754633E+03  0.448381E+01  0.639176E+00  0.119901E+01  0.000000E+00  0.626830E+03
  0.382807E+00  0.717572E+03  0.768040E+01  0.378896E+00  0.228060E+00  0.000000E+00  0.596627E+03
  0.395783E+00  0.682204E+03  0.706596E+01  0.326622E+00 -0.320105E-01  0.000000E+00  0.567181E+03
  0.409198E+00  0.648461E+03  0.424367E+01  0.274665E+00  0.553512E+00  0.000000E+00  0.538706E+03
  0.423068E+00  0.616275E+03  0.323941E+01  0.258757E+00  0.938459E+00  0.000000E+00  0.511832E+03
  0.437407E+00  0.585585E+03  0.445530E+01  0.330751E+00  0.107358E+01  0.000000E+00  0.486578E+03
  0.452233E+00  0.556330E+03  0.505359E+01  0.261175E+00  0.797369E+00  0.000000E+00  0.462409E+03
  0.467562E+00  0.528448E+03  0.403776E+01  0.116597E+00  0.113118E+00  0.000000E+00  0.439104E+03
  0.483410E+00  0.501878E+03  0.324322E+01  0.171430E+00 -0.242632E+00  0.000000E+00  0.416926E+03
  0.499795E+00  0.476565E+03  0.351817E+01  0.229942E+00 -0.145961E-03  0.000000E+00  0.395972E+03
  0.516736E+00  0.452455E+03  0.363618E+01  0.110885E+00  0.485840E+00  0.000000E+00  0.375990E+03
  0.534250E+00  0.429498E+03  0.314066E+01  0.855011E-01 -0.108235E+00  0.000000E+00  0.356859E+03
  0.552359E+00  0.407641E+03  0.287798E+01  0.153499E+00  0.321482E+00  0.000000E+00  0.338681E+03
  0.571081E+00  0.386836E+03  0.291621E+01  0.938067E-01  0.532219E+00  0.000000E+00  0.321427E+03
  0.590438E+00  0.367036E+03  0.273340E+01  0.601489E-01  0.218531E+00  0.000000E+00  0.304970E+03
  0.610451E+00  0.348199E+03  0.250555E+01  0.101033E+00  0.397709E-01  0.000000E+00  0.289303E+03
  0.631142E+00  0.330280E+03  0.243206E+01  0.610883E-01 -0.751375E-01  0.000000E+00  0.274424E+03
  0.652535E+00  0.313238E+03  0.230791E+01  0.527299E-01  0.133698E+00  0.000000E+00  0.260265E+03
  0.674653E+00  0.297035E+03  0.215805E+01  0.649621E-01  0.266376E-01  0.000000E+00  0.246797E+03
  0.697520E+00  0.281630E+03  0.206092E+01  0.381479E-01  0.207297E+00  0.000000E+00  0.234000E+03
  0.721163E+00  0.266988E+03  0.195141E+01  0.471186E-01  0.275655E+00  0.000000E+00  0.221834E+03
  0.745607E+00  0.253073E+03  0.184312E+01  0.350461E-01 -0.978849E-02  0.000000E+00  0.210271E+03
  0.770879E+00  0.239849E+03  0.174643E+01  0.336034E-01 -0.849152E-01  0.000000E+00  0.199284E+03
  0.797008E+00  0.227287E+03  0.165177E+01  0.291646E-01  0.832137E-01  0.000000E+00  0.188845E+03
  0.824022E+00  0.215355E+03  0.156431E+01  0.259129E-01 -0.575498E-03  0.000000E+00  0.178931E+03
  0.851953E+00  0.204023E+03  0.147925E+01  0.229658E-01  0.155537E+00  0.000000E+00  0.169515E+03
  0.880830E+00  0.193264E+03  0.140092E+01  0.204128E-01 -0.336392E-01  0.000000E+00  0.160576E+03
  0.910686E+00  0.183051E+03  0.132657E+01  0.180101E-01 -0.152501E-01  0.000000E+00  0.152091E+03
  0.941553E+00  0.173358E+03  0.125489E+01  0.160008E-01  0.556613E-01  0.000000E+00  0.144036E+03
  0.973468E+00  0.164158E+03  0.118780E+01  0.141840E-01  0.166786E-01  0.000000E+00  0.136392E+03
  0.100646E+01  0.155427E+03  0.112344E+01  0.125428E-01  0.457581E-01  0.000000E+00  0.129139E+03
  0.104058E+01  0.147144E+03  0.106292E+01  0.111132E-01 -0.192798E-01  0.000000E+00  0.122256E+03
  0.107585E+01  0.139286E+03  0.100594E+01  0.985769E-02  0.458418E-01  0.000000E+00  0.115727E+03
  0.111231E+01  0.131833E+03  0.951945E+00  0.871245E-02  0.235880E-01  0.000000E+00  0.109535E+03
  0.115002E+01  0.124765E+03  0.900806E+00  0.772220E-02  0.153382E-01  0.000000E+00  0.103662E+03
  0.118900E+01  0.118064E+03  0.851751E+00  0.683621E-02  0.118016E-01  0.000000E+00  0.980943E+02
  0.122930E+01  0.111710E+03  0.805123E+00  0.605183E-02  0.220991E-01  0.000000E+00  0.928155E+02
  0.127096E+01  0.105688E+03  0.761120E+00  0.535533E-02  0.290988E-01  0.000000E+00  0.878116E+02
  0.131404E+01  0.999798E+02  0.719928E+00  0.473999E-02 -0.242271E-01  0.000000E+00  0.830689E+02
  0.135858E+01  0.945707E+02  0.681112E+00  0.419567E-02  0.148298E-01  0.000000E+00  0.785747E+02
  0.140463E+01  0.894452E+02  0.644160E+00  0.371206E-02  0.208269E-01  0.000000E+00  0.743161E+02
  0.145224E+01  0.845890E+02  0.608886E+00  0.328458E-02 -0.162406E-01  0.000000E+00  0.702813E+02
  0.150147E+01  0.799880E+02  0.575512E+00  0.290652E-02  0.662057E-02  0.000000E+00  0.664585E+02
  0.155236E+01  0.756304E+02  0.544130E+00  0.257059E-02  0.113437E-01  0.000000E+00  0.628379E+02
  0.160498E+01  0.715035E+02  0.514386E+00  0.227371E-02 -0.435642E-04  0.000000E+00  0.594091E+02
  0.165938E+01  0.675957E+02  0.485999E+00  0.201160E-02  0.831642E-02  0.000000E+00  0.561622E+02
  0.171562E+01  0.638957E+02  0.459131E+00  0.177891E-02  0.877329E-03  0.000000E+00  0.530880E+02
  0.177377E+01  0.603927E+02  0.433956E+00  0.157323E-02  0.182486E-01  0.000000E+00  0.501775E+02
  0.183390E+01  0.570769E+02  0.410203E+00  0.139084E-02  0.851960E-02  0.000000E+00  0.474225E+02
  0.189606E+01  0.539382E+02  0.387567E+00  0.122971E-02  0.103521E-01  0.000000E+00  0.448148E+02
  0.196032E+01  0.509676E+02  0.366161E+00  0.108727E-02  0.740530E-02  0.000000E+00  0.423466E+02
  0.202677E+01  0.481564E+02  0.345988E+00  0.961124E-03  0.137709E-02  0.000000E+00  0.400110E+02
  0.209547E+01  0.454967E+02  0.326797E+00  0.849568E-03  0.526504E-02  0.000000E+00  0.378011E+02
  0.216649E+01  0.429802E+02  0.308582E+00  0.750919E-03  0.454442E-02  0.000000E+00  0.357102E+02
  0.223993E+01  0.405997E+02  0.291468E+00  0.663624E-03  0.376822E-02  0.000000E+00  0.337324E+02
  0.231585E+01  0.383481E+02  0.275291E+00  0.586488E-03  0.543924E-02  0.000000E+00  0.318616E+02
  0.239434E+01  0.362184E+02  0.259982E+00  0.518229E-03  0.380770E-02  0.000000E+00  0.300922E+02
  0.247550E+01  0.342042E+02  0.245559E+00  0.457940E-03  0.474456E-02  0.000000E+00  0.284187E+02
  0.255941E+01  0.322996E+02  0.231873E+00  0.404588E-03 -0.233427E-02  0.000000E+00  0.268362E+02
  0.264616E+01  0.304986E+02  0.218899E+00  0.357431E-03 -0.138336E-04  0.000000E+00  0.253399E+02
  0.273585E+01  0.287960E+02  0.206647E+00  0.315743E-03  0.596178E-02  0.000000E+00  0.239252E+02
  0.282858E+01  0.271865E+02  0.195056E+00  0.278898E-03  0.100417E-02  0.000000E+00  0.225879E+02
  0.292446E+01  0.256651E+02  0.184140E+00  0.246335E-03  0.180919E-03  0.000000E+00  0.213239E+02
  0.302358E+01  0.242270E+02  0.173834E+00  0.217562E-03  0.344142E-02  0.000000E+00  0.201290E+02
  0.312607E+01  0.228678E+02  0.164092E+00  0.192137E-03  0.155480E-02  0.000000E+00  0.189998E+02
  0.323203E+01  0.215834E+02  0.154868E+00  0.169650E-03  0.503966E-03  0.000000E+00  0.179326E+02
  0.334158E+01  0.203697E+02  0.146134E+00  0.149805E-03 -0.174834E-02  0.000000E+00  0.169242E+02
  0.345484E+01  0.192231E+02  0.137887E+00  0.132273E-03  0.212628E-03  0.000000E+00  0.159715E+02
  0.357194E+01  0.181398E+02  0.130113E+00  0.116777E-03  0.146683E-02  0.000000E+00  0.150715E+02
  0.369301E+01  0.171164E+02  0.122781E+00  0.103097E-03  0.111228E-02  0.000000E+00  0.142212E+02
  0.381819E+01  0.161496E+02  0.115855E+00  0.910081E-04  0.356203E-03  0.000000E+00  0.134179E+02
  0.394761E+01  0.152364E+02  0.109298E+00  0.803331E-04  0.629313E-03  0.000000E+00  0.126592E+02
  0.408141E+01  0.143740E+02  0.103097E+00  0.709039E-04  0.846793E-03  0.000000E+00  0.119427E+02
  0.421975E+01  0.135596E+02  0.972454E-01  0.625789E-04  0.257034E-03  0.000000E+00  0.112660E+02
  0.436278E+01  0.127905E+02  0.917336E-01  0.552278E-04  0.233549E-03  0.000000E+00  0.106270E+02
  0.451066E+01  0.120643E+02  0.865328E-01  0.487372E-04  0.185101E-03  0.000000E+00  0.100236E+02
  0.466355E+01  0.113786E+02  0.816160E-01  0.430060E-04  0.508190E-03  0.000000E+00  0.945394E+01
  0.482162E+01  0.107312E+02  0.769635E-01  0.379451E-04  0.614017E-03  0.000000E+00  0.891607E+01
  0.498505E+01  0.101202E+02  0.725740E-01  0.334797E-04 -0.405181E-03  0.000000E+00  0.840836E+01
  0.515402E+01  0.954333E+01  0.684391E-01  0.295386E-04  0.127038E-03  0.000000E+00  0.792909E+01
  0.532871E+01  0.899885E+01  0.645411E-01  0.260594E-04  0.225703E-03  0.000000E+00  0.747671E+01
  0.550933E+01  0.848493E+01  0.608554E-01  0.229874E-04 -0.323966E-04  0.000000E+00  0.704971E+01
  0.569607E+01  0.799992E+01  0.573704E-01  0.202779E-04  0.237465E-04  0.000000E+00  0.664674E+01
  0.588914E+01  0.754223E+01  0.540847E-01  0.178864E-04  0.597104E-04  0.000000E+00  0.626647E+01
  0.608875E+01  0.711033E+01  0.509908E-01  0.157755E-04 -0.124678E-03  0.000000E+00  0.590763E+01
  0.629513E+01  0.670279E+01  0.480721E-01  0.139137E-04  0.167083E-03  0.000000E+00  0.556903E+01
  0.650850E+01  0.631828E+01  0.453122E-01  0.122705E-04  0.211981E-03  0.000000E+00  0.524955E+01
  0.672911E+01  0.595552E+01  0.427063E-01  0.108210E-04 -0.147971E-03  0.000000E+00  0.494815E+01
  0.695719E+01  0.561331E+01  0.402536E-01  0.954225E-05  0.117925E-03  0.000000E+00  0.466383E+01
  0.719301E+01  0.529048E+01  0.379416E-01  0.841391E-05  0.150323E-03  0.000000E+00  0.439560E+01
  0.743682E+01  0.498595E+01  0.357569E-01  0.741881E-05 -0.223332E-03  0.000000E+00  0.414258E+01
  0.768889E+01  0.469873E+01  0.336943E-01  0.654094E-05  0.100248E-04  0.000000E+00  0.390395E+01
  0.794951E+01  0.442784E+01  0.317521E-01  0.576678E-05  0.145942E-03  0.000000E+00  0.367888E+01
  0.821895E+01  0.417236E+01  0.299228E-01  0.508399E-05 -0.384941E-04  0.000000E+00  0.346661E+01
  0.849754E+01  0.393142E+01  0.281941E-01  0.448174E-05  0.507834E-04  0.000000E+00  0.326643E+01
  0.878556E+01  0.370424E+01  0.265626E-01  0.395069E-05  0.155845E-04  0.000000E+00  0.307767E+01
  0.908335E+01  0.349001E+01  0.250275E-01  0.348241E-05  0.477665E-04  0.000000E+00  0.289968E+01
  0.939123E+01  0.328802E+01  0.235806E-01  0.306957E-05  0.228507E-06  0.000000E+00  0.273186E+01
  0.970955E+01  0.309757E+01  0.222133E-01  0.270540E-05 -0.271801E-04  0.000000E+00  0.257362E+01
  0.100386E+02  0.291803E+01  0.209252E-01  0.238438E-05  0.142556E-04  0.000000E+00  0.242445E+01
  0.103789E+02  0.274877E+01  0.197130E-01  0.210137E-05  0.323455E-04  0.000000E+00  0.228382E+01
  0.107307E+02  0.258921E+01  0.185687E-01  0.185185E-05  0.192545E-04  0.000000E+00  0.215125E+01
  0.110944E+02  0.243880E+01  0.174888E-01  0.163188E-05  0.231342E-04  0.000000E+00  0.202628E+01
  0.114705E+02  0.229704E+01  0.164730E-01  0.143802E-05 -0.223492E-04  0.000000E+00  0.190850E+01
  0.118593E+02  0.216342E+01  0.155154E-01  0.126709E-05  0.977098E-04  0.000000E+00  0.179748E+01
  0.122612E+02  0.203748E+01  0.146112E-01  0.111643E-05  0.331172E-04  0.000000E+00  0.169284E+01
  0.126768E+02  0.191880E+01  0.137605E-01  0.983656E-06  0.769331E-04  0.000000E+00  0.159424E+01
  0.131065E+02  0.180696E+01  0.129591E-01  0.866630E-06  0.510889E-05  0.000000E+00  0.150131E+01
  0.135508E+02  0.170156E+01  0.122025E-01  0.763497E-06 -0.134114E-05  0.000000E+00  0.141375E+01
  0.140101E+02  0.160225E+01  0.114906E-01  0.672611E-06  0.286949E-05  0.000000E+00  0.133123E+01
  0.144849E+02  0.150868E+01  0.108200E-01  0.592513E-06 -0.833372E-06  0.000000E+00  0.125349E+01
  0.149759E+02  0.142051E+01  0.101871E-01  0.521942E-06 -0.724015E-06  0.000000E+00  0.118023E+01
  0.154835E+02  0.133744E+01  0.959171E-02  0.459752E-06  0.354827E-04  0.000000E+00  0.111122E+01
  0.160083E+02  0.125918E+01  0.903068E-02  0.404955E-06  0.194174E-04  0.000000E+00  0.104619E+01
  0.165509E+02  0.118546E+01  0.850156E-02  0.356682E-06 -0.280785E-04  0.000000E+00  0.984942E+00
  0.171119E+02  0.111601E+01  0.800395E-02  0.314148E-06 -0.137109E-04  0.000000E+00  0.927240E+00
  0.176919E+02  0.105059E+01  0.753465E-02  0.276675E-06 -0.486820E-06  0.000000E+00  0.872884E+00
  0.182916E+02  0.988969E+00  0.709260E-02  0.243660E-06  0.110414E-04  0.000000E+00  0.821686E+00
  0.189116E+02  0.930927E+00  0.667667E-02  0.214581E-06  0.129014E-04  0.000000E+00  0.773462E+00
  0.195526E+02  0.876259E+00  0.628429E-02  0.188962E-06  0.109187E-04  0.000000E+00  0.728041E+00
  0.202154E+02  0.824772E+00  0.591527E-02  0.166397E-06  0.446849E-05  0.000000E+00  0.685263E+00
  0.209006E+02  0.776283E+00  0.556747E-02  0.146521E-06  0.634802E-05  0.000000E+00  0.644976E+00
  0.216090E+02  0.730620E+00  0.523993E-02  0.129017E-06 -0.750607E-05  0.000000E+00  0.607037E+00
  0.223414E+02  0.687618E+00  0.493171E-02  0.113598E-06 -0.107740E-04  0.000000E+00  0.571309E+00
  0.230987E+02  0.647125E+00  0.464112E-02  0.100018E-06 -0.842586E-05  0.000000E+00  0.537665E+00
  0.238816E+02  0.608997E+00  0.436788E-02  0.880580E-07  0.886988E-05  0.000000E+00  0.505986E+00
  0.246911E+02  0.573093E+00  0.411022E-02  0.775260E-07  0.315845E-05  0.000000E+00  0.476155E+00
  0.255280E+02  0.539291E+00  0.386794E-02  0.682523E-07 -0.131782E-04  0.000000E+00  0.448070E+00
  0.263933E+02  0.507464E+00  0.363959E-02  0.600844E-07  0.174010E-04  0.000000E+00  0.421627E+00
  0.272879E+02  0.477501E+00  0.342478E-02  0.528933E-07 -0.657706E-05  0.000000E+00  0.396733E+00
  0.282128E+02  0.449292E+00  0.322242E-02  0.465607E-07 -0.134209E-05  0.000000E+00  0.373295E+00
  0.291691E+02  0.422737E+00  0.303201E-02  0.409850E-07  0.970962E-05  0.000000E+00  0.351232E+00
  0.301578E+02  0.397737E+00  0.285268E-02  0.360762E-07  0.412640E-05  0.000000E+00  0.330461E+00
  0.311800E+02  0.374206E+00  0.268395E-02  0.317543E-07 -0.193386E-06  0.000000E+00  0.310910E+00
  0.322368E+02  0.352055E+00  0.252505E-02  0.279490E-07  0.890691E-05  0.000000E+00  0.292505E+00
  0.333295E+02  0.331205E+00  0.237555E-02  0.245991E-07  0.219330E-05  0.000000E+00  0.275182E+00
  0.344592E+02  0.311581E+00  0.223476E-02  0.216499E-07  0.562278E-05  0.000000E+00  0.258877E+00
  0.356272E+02  0.293110E+00  0.210234E-02  0.190539E-07  0.312127E-05  0.000000E+00  0.243531E+00
  0.368348E+02  0.275727E+00  0.197761E-02  0.167685E-07  0.776585E-05  0.000000E+00  0.229088E+00
  0.380833E+02  0.259366E+00  0.186032E-02  0.147569E-07  0.261703E-05  0.000000E+00  0.215495E+00
  0.393741E+02  0.243970E+00  0.174985E-02  0.129862E-07  0.469652E-05  0.000000E+00  0.202703E+00
  0.407088E+02  0.229480E+00  0.164595E-02  0.114277E-07 -0.637407E-05  0.000000E+00  0.190664E+00
  0.420886E+02  0.215846E+00  0.154816E-02  0.100559E-07 -0.248603E-05  0.000000E+00  0.179336E+00
  0.435152E+02  0.203015E+00  0.145612E-02  0.884848E-08 -0.453498E-05  0.000000E+00  0.168675E+00
  0.449901E+02  0.190942E+00  0.136955E-02  0.778575E-08  0.498210E-05  0.000000E+00  0.158645E+00
  0.465151E+02  0.179582E+00  0.128805E-02  0.685051E-08  0.569255E-05  0.000000E+00  0.149206E+00
  0.480917E+02  0.168893E+00  0.121139E-02  0.602745E-08  0.462665E-05  0.000000E+00  0.140325E+00
  0.497218E+02  0.158835E+00  0.113926E-02  0.530319E-08 -0.237651E-05  0.000000E+00  0.131969E+00
  0.514071E+02  0.149373E+00  0.107138E-02  0.466579E-08 -0.750194E-06  0.000000E+00  0.124107E+00
  0.531495E+02  0.140471E+00  0.100754E-02  0.410486E-08  0.257590E-05  0.000000E+00  0.116710E+00
  0.549511E+02  0.132096E+00  0.947471E-03  0.361132E-08 -0.368441E-05  0.000000E+00  0.109752E+00
  0.568136E+02  0.124217E+00  0.890945E-03  0.317697E-08  0.327163E-05  0.000000E+00  0.103206E+00
  0.587394E+02  0.116804E+00  0.837784E-03  0.279481E-08  0.391146E-05  0.000000E+00  0.970471E-01
  0.607303E+02  0.109832E+00  0.787779E-03  0.245857E-08  0.318285E-05  0.000000E+00  0.912540E-01
  0.627888E+02  0.103273E+00  0.740723E-03  0.216274E-08 -0.188862E-05  0.000000E+00  0.858043E-01
  0.649170E+02  0.971030E-01  0.696469E-03  0.190242E-08  0.211898E-05  0.000000E+00  0.806781E-01
  0.671174E+02  0.912994E-01  0.654848E-03  0.167342E-08 -0.156317E-05  0.000000E+00  0.758563E-01
  0.693923E+02  0.858407E-01  0.615694E-03  0.147193E-08  0.230449E-05  0.000000E+00  0.713209E-01
  0.717444E+02  0.807063E-01  0.578860E-03  0.129469E-08 -0.257390E-05  0.000000E+00  0.670550E-01
  0.741761E+02  0.758773E-01  0.544221E-03  0.113875E-08 -0.172910E-05  0.000000E+00  0.630428E-01
  0.766904E+02  0.713354E-01  0.511644E-03  0.100157E-08 -0.190721E-05  0.000000E+00  0.592691E-01
  0.792898E+02  0.670639E-01  0.481006E-03  0.880892E-09 -0.196887E-05  0.000000E+00  0.557201E-01
  0.819773E+02  0.630465E-01  0.452190E-03  0.774729E-09 -0.490790E-06  0.000000E+00  0.523823E-01
  0.847559E+02  0.592685E-01  0.425087E-03  0.681349E-09 -0.324262E-06  0.000000E+00  0.492434E-01
  0.876288E+02  0.557156E-01  0.399601E-03  0.599214E-09 -0.195063E-05  0.000000E+00  0.462914E-01
  0.905989E+02  0.523745E-01  0.375634E-03  0.526956E-09  0.194931E-05  0.000000E+00  0.435154E-01
  0.936699E+02  0.492325E-01  0.353096E-03  0.463405E-09  0.195790E-05  0.000000E+00  0.409049E-01
  0.968448E+02  0.462779E-01  0.331904E-03  0.407518E-09 -0.181909E-05  0.000000E+00  0.384501E-01
  0.100127E+03  0.434998E-01  0.311976E-03  0.358355E-09 -0.267084E-06  0.000000E+00  0.361419E-01
  0.103521E+03  0.408876E-01  0.293238E-03  0.315117E-09 -0.107000E-06  0.000000E+00  0.339715E-01
  0.107030E+03  0.384312E-01  0.275617E-03  0.277089E-09 -0.587093E-06  0.000000E+00  0.319307E-01
  0.110658E+03  0.361218E-01  0.259051E-03  0.243645E-09 -0.525860E-06  0.000000E+00  0.300119E-01
  0.114409E+03  0.339504E-01  0.243474E-03  0.214230E-09  0.112674E-05  0.000000E+00  0.282078E-01
  0.118286E+03  0.319089E-01  0.228829E-03  0.188368E-09 -0.128302E-05  0.000000E+00  0.265115E-01
  0.122296E+03  0.299894E-01  0.215059E-03  0.165620E-09 -0.131551E-05  0.000000E+00  0.249167E-01
  0.126441E+03  0.281848E-01  0.202114E-03  0.145614E-09  0.696001E-06  0.000000E+00  0.234174E-01
  0.130727E+03  0.264883E-01  0.189944E-03  0.128027E-09 -0.741865E-06  0.000000E+00  0.220079E-01
  0.135158E+03  0.248934E-01  0.178503E-03  0.112557E-09  0.979989E-06  0.000000E+00  0.206827E-01
  0.139739E+03  0.233940E-01  0.167746E-03  0.989572E-10 -0.439887E-06  0.000000E+00  0.194369E-01
  0.144475E+03  0.219845E-01  0.157635E-03  0.869981E-10 -0.911477E-06  0.000000E+00  0.182659E-01
  0.149372E+03  0.206595E-01  0.148129E-03  0.764805E-10  0.867884E-06  0.000000E+00  0.171650E-01
  0.154436E+03  0.194140E-01  0.139193E-03  0.672338E-10  0.913343E-06  0.000000E+00  0.161301E-01
  0.159670E+03  0.182432E-01  0.130794E-03  0.591045E-10  0.650909E-06  0.000000E+00  0.151574E-01
  0.165082E+03  0.171427E-01  0.122900E-03  0.519569E-10  0.525308E-06  0.000000E+00  0.142430E-01
  0.170677E+03  0.161083E-01  0.115479E-03  0.456723E-10  0.608197E-06  0.000000E+00  0.133836E-01
  0.176463E+03  0.151359E-01  0.108503E-03  0.401472E-10  0.378445E-06  0.000000E+00  0.125757E-01
  0.182444E+03  0.142220E-01  0.101946E-03  0.352898E-10 -0.265446E-07  0.000000E+00  0.118164E-01
  0.188628E+03  0.133631E-01  0.957840E-04  0.310198E-10 -0.512810E-06  0.000000E+00  0.111027E-01
  0.195021E+03  0.125557E-01  0.899921E-04  0.272647E-10  0.460714E-06  0.000000E+00  0.104319E-01
  0.201632E+03  0.117969E-01  0.845481E-04  0.239641E-10  0.551182E-06  0.000000E+00  0.980146E-02
  0.208466E+03  0.110838E-01  0.794319E-04  0.210633E-10 -0.386927E-06  0.000000E+00  0.920897E-02
  0.215532E+03  0.104136E-01  0.746237E-04  0.185123E-10  0.390895E-06  0.000000E+00  0.865214E-02
  0.222837E+03  0.978375E-02  0.701049E-04  0.162705E-10  0.127197E-06  0.000000E+00  0.812883E-02
  0.230391E+03  0.919179E-02  0.658578E-04  0.142994E-10  0.446797E-06  0.000000E+00  0.763700E-02
  0.238200E+03  0.863553E-02  0.618670E-04  0.125671E-10  0.217550E-06  0.000000E+00  0.717484E-02
  0.246273E+03  0.811280E-02  0.581164E-04  0.110444E-10  0.447132E-07  0.000000E+00  0.674052E-02
  0.254621E+03  0.762154E-02  0.545918E-04  0.970569E-11  0.367165E-06  0.000000E+00  0.633235E-02
  0.263252E+03  0.715993E-02  0.512798E-04  0.852925E-11  0.374655E-06  0.000000E+00  0.594882E-02
  0.272174E+03  0.672616E-02  0.481676E-04  0.749524E-11  0.349638E-06  0.000000E+00  0.558843E-02
  0.281400E+03  0.631856E-02  0.452430E-04  0.658647E-11 -0.373615E-08  0.000000E+00  0.524977E-02
  0.290938E+03  0.593554E-02  0.424949E-04  0.578765E-11  0.909099E-08  0.000000E+00  0.493154E-02
  0.300799E+03  0.557566E-02  0.399127E-04  0.508564E-11 -0.161046E-07  0.000000E+00  0.463254E-02
  0.310995E+03  0.523752E-02  0.374864E-04  0.446871E-11 -0.768760E-07  0.000000E+00  0.435159E-02
  0.321536E+03  0.491980E-02  0.352067E-04  0.392639E-11  0.261563E-06  0.000000E+00  0.408761E-02
  0.332435E+03  0.462126E-02  0.330646E-04  0.344992E-11 -0.234977E-06  0.000000E+00  0.383957E-02
  0.343702E+03  0.434079E-02  0.310520E-04  0.303116E-11 -0.240545E-06  0.000000E+00  0.360653E-02
  0.355352E+03  0.407726E-02  0.291611E-04  0.266314E-11 -0.135888E-06  0.000000E+00  0.338759E-02
  0.367397E+03  0.382968E-02  0.273845E-04  0.233970E-11 -0.461304E-07  0.000000E+00  0.318188E-02
  0.379850E+03  0.359706E-02  0.257152E-04  0.205550E-11  0.154387E-06  0.000000E+00  0.298861E-02
  0.392725E+03  0.337852E-02  0.241470E-04  0.180578E-11  0.149083E-06  0.000000E+00  0.280703E-02
  0.406036E+03  0.317321E-02  0.226737E-04  0.158637E-11  0.625172E-07  0.000000E+00  0.263645E-02
  0.419799E+03  0.298032E-02  0.212895E-04  0.139353E-11  0.826447E-07  0.000000E+00  0.247619E-02
  0.434028E+03  0.279913E-02  0.199892E-04  0.122416E-11 -0.155094E-06  0.000000E+00  0.232564E-02
  0.448740E+03  0.262891E-02  0.187676E-04  0.107528E-11  0.411875E-07  0.000000E+00  0.218422E-02
  0.463949E+03  0.246900E-02  0.176200E-04  0.944497E-12  0.144842E-06  0.000000E+00  0.205136E-02
  0.479676E+03  0.231878E-02  0.165419E-04  0.829611E-12 -0.132179E-06  0.000000E+00  0.192654E-02
  0.495934E+03  0.217767E-02  0.155292E-04  0.728637E-12  0.112830E-06  0.000000E+00  0.180931E-02
  0.512744E+03  0.204512E-02  0.145778E-04  0.639969E-12 -0.116197E-06  0.000000E+00  0.169917E-02
  0.530123E+03  0.192061E-02  0.136842E-04  0.562050E-12 -0.114988E-06  0.000000E+00  0.159572E-02
  0.548092E+03  0.180364E-02  0.128447E-04  0.493597E-12 -0.966180E-07  0.000000E+00  0.149854E-02
  0.566670E+03  0.169378E-02  0.120561E-04  0.433462E-12 -0.975590E-07  0.000000E+00  0.140727E-02
  0.585877E+03  0.159059E-02  0.113154E-04  0.380634E-12  0.553021E-07  0.000000E+00  0.132153E-02
  0.605735E+03  0.149367E-02  0.106197E-04  0.334240E-12 -0.912210E-07  0.000000E+00  0.124100E-02
  0.626267E+03  0.140262E-02  0.996616E-05  0.293470E-12  0.436419E-07  0.000000E+00  0.116536E-02
  0.647494E+03  0.131711E-02  0.935234E-05  0.257679E-12 -0.685976E-07  0.000000E+00  0.109431E-02
  0.669441E+03  0.123680E-02  0.877579E-05  0.226234E-12 -0.635801E-07  0.000000E+00  0.102758E-02
  0.692132E+03  0.116136E-02  0.823424E-05  0.198607E-12  0.656121E-07  0.000000E+00  0.964905E-03
  0.715592E+03  0.109052E-02  0.772562E-05  0.174355E-12  0.132666E-07  0.000000E+00  0.906042E-03
  0.739846E+03  0.102398E-02  0.724791E-05  0.153054E-12 -0.313937E-07  0.000000E+00  0.850758E-03
  0.764923E+03  0.961487E-03  0.679924E-05  0.134345E-12 -0.346959E-07  0.000000E+00  0.798837E-03
  0.790852E+03  0.902791E-03  0.637780E-05  0.117914E-12 -0.558833E-08  0.000000E+00  0.750069E-03
  0.817657E+03  0.847672E-03  0.598204E-05  0.103486E-12  0.106307E-07  0.000000E+00  0.704273E-03
  0.845371E+03  0.795908E-03  0.561034E-05  0.908163E-13  0.388082E-07  0.000000E+00  0.661264E-03
  0.874025E+03  0.747294E-03  0.526126E-05  0.796915E-13  0.385988E-07  0.000000E+00  0.620874E-03
  0.903651E+03  0.701639E-03  0.493341E-05  0.699271E-13 -0.420039E-07  0.000000E+00  0.582941E-03
  0.934280E+03  0.658766E-03  0.462553E-05  0.613501E-13 -0.321120E-08  0.000000E+00  0.547320E-03
  0.965947E+03  0.618505E-03  0.433639E-05  0.538231E-13 -0.379041E-07  0.000000E+00  0.513869E-03
  0.998688E+03  0.580697E-03  0.406486E-05  0.472132E-13 -0.134294E-07  0.000000E+00  0.482456E-03
  0.103254E+04  0.545191E-03  0.380985E-05  0.414108E-13  0.181264E-07  0.000000E+00  0.452956E-03
  0.106754E+04  0.511852E-03  0.357040E-05  0.363184E-13  0.169294E-07  0.000000E+00  0.425256E-03
  0.110372E+04  0.480545E-03  0.334554E-05  0.318500E-13 -0.937495E-08  0.000000E+00  0.399245E-03
  0.114113E+04  0.451146E-03  0.313437E-05  0.279257E-13  0.574737E-08  0.000000E+00  0.374818E-03
  0.117981E+04  0.423542E-03  0.293609E-05  0.244830E-13  0.276382E-07  0.000000E+00  0.351883E-03
  0.121980E+04  0.397622E-03  0.274990E-05  0.214626E-13 -0.231118E-07  0.000000E+00  0.330347E-03
  0.126115E+04  0.373283E-03  0.257508E-05  0.188114E-13 -0.239709E-07  0.000000E+00  0.310126E-03
  0.130389E+04  0.350429E-03  0.241092E-05  0.164850E-13 -0.126040E-07  0.000000E+00  0.291137E-03
  0.134809E+04  0.328971E-03  0.225678E-05  0.144447E-13 -0.140602E-07  0.000000E+00  0.273309E-03
  0.139378E+04  0.308824E-03  0.211207E-05  0.126540E-13  0.132890E-07  0.000000E+00  0.256569E-03
  0.144102E+04  0.289907E-03  0.197619E-05  0.110843E-13 -0.183790E-07  0.000000E+00  0.240852E-03
  0.148987E+04  0.272144E-03  0.184862E-05  0.970700E-14  0.185694E-08  0.000000E+00  0.226094E-03
  0.154037E+04  0.255467E-03  0.172885E-05  0.849921E-14 -0.167195E-07  0.000000E+00  0.212238E-03
  0.159258E+04  0.239810E-03  0.161642E-05  0.744028E-14 -0.637787E-08  0.000000E+00  0.199229E-03
  0.164656E+04  0.225109E-03  0.151087E-05  0.651159E-14 -0.984789E-08  0.000000E+00  0.187015E-03
  0.170237E+04  0.211307E-03  0.141178E-05  0.569779E-14 -0.653404E-08  0.000000E+00  0.175547E-03
  0.176007E+04  0.198350E-03  0.131878E-05  0.498432E-14 -0.130727E-07  0.000000E+00  0.164781E-03
  0.181973E+04  0.186184E-03  0.123149E-05  0.435890E-14  0.436809E-08  0.000000E+00  0.154674E-03
  0.188141E+04  0.174763E-03  0.114955E-05  0.381105E-14  0.981766E-08  0.000000E+00  0.145184E-03
  0.194518E+04  0.164041E-03  0.107266E-05  0.333114E-14 -0.224813E-08  0.000000E+00  0.136276E-03
  0.201111E+04  0.153974E-03  0.100051E-05  0.291080E-14 -0.726948E-08  0.000000E+00  0.127912E-03
  0.207928E+04  0.144524E-03  0.932801E-06  0.254270E-14  0.470760E-08  0.000000E+00  0.120061E-03
  0.214976E+04  0.135652E-03  0.869273E-06  0.222028E-14 -0.675713E-08  0.000000E+00  0.112689E-03
  0.222262E+04  0.127324E-03  0.809680E-06  0.193812E-14 -0.729004E-08  0.000000E+00  0.105770E-03
  0.229796E+04  0.119506E-03  0.753780E-06  0.169119E-14  0.522646E-08  0.000000E+00  0.992740E-04
  0.237585E+04  0.112166E-03  0.701352E-06  0.147515E-14 -0.687507E-08  0.000000E+00  0.931760E-04
  0.245638E+04  0.105276E-03  0.652187E-06  0.128615E-14 -0.462821E-08  0.000000E+00  0.874514E-04
  0.253964E+04  0.988086E-04  0.606093E-06  0.112086E-14  0.293453E-08  0.000000E+00  0.820778E-04
  0.262572E+04  0.927373E-04  0.562887E-06  0.976369E-15 -0.582480E-08  0.000000E+00  0.770335E-04
  0.271471E+04  0.870381E-04  0.522395E-06  0.850134E-15  0.111530E-08  0.000000E+00  0.722984E-04
  0.280673E+04  0.816881E-04  0.484454E-06  0.739795E-15 -0.384112E-08  0.000000E+00  0.678534E-04
  0.290187E+04  0.766664E-04  0.448919E-06  0.643478E-15 -0.361629E-08  0.000000E+00  0.636812E-04
  0.300022E+04  0.719527E-04  0.415645E-06  0.559426E-15 -0.437651E-08  0.000000E+00  0.597649E-04
  0.310192E+04  0.675276E-04  0.384497E-06  0.486047E-15  0.331131E-08  0.000000E+00  0.560884E-04
  0.320706E+04  0.633744E-04  0.355354E-06  0.422071E-15  0.118550E-08  0.000000E+00  0.526378E-04
  0.331576E+04  0.594761E-04  0.328099E-06  0.366280E-15 -0.383646E-08  0.000000E+00  0.493990E-04
  0.342815E+04  0.558170E-04  0.302620E-06  0.317666E-15  0.337165E-08  0.000000E+00  0.463590E-04
  0.354435E+04  0.523823E-04  0.278814E-06  0.275342E-15  0.315285E-08  0.000000E+00  0.435054E-04
  0.366448E+04  0.491586E-04  0.256586E-06  0.238513E-15 -0.280454E-08  0.000000E+00  0.408272E-04
  0.378869E+04  0.461329E-04  0.235844E-06  0.206476E-15  0.270955E-08  0.000000E+00  0.383134E-04
  0.391711E+04  0.432930E-04  0.216503E-06  0.178614E-15 -0.983043E-09  0.000000E+00  0.359540E-04
  0.404988E+04  0.406273E-04  0.198482E-06  0.154434E-15 -0.100415E-08  0.000000E+00  0.337395E-04
  0.418715E+04  0.381256E-04  0.181708E-06  0.133427E-15 -0.208051E-08  0.000000E+00  0.316611E-04
  0.432907E+04  0.357776E-04  0.166108E-06  0.115202E-15 -0.231551E-08  0.000000E+00  0.297104E-04
  0.447581E+04  0.335738E-04  0.151615E-06  0.994123E-16  0.456472E-09  0.000000E+00  0.278797E-04
  0.462752E+04  0.315054E-04  0.138166E-06  0.857213E-16 -0.972391E-09  0.000000E+00  0.261614E-04
  0.478437E+04  0.295642E-04  0.125703E-06  0.738818E-16 -0.443288E-09  0.000000E+00  0.245488E-04
  0.494653E+04  0.277424E-04  0.114167E-06  0.636501E-16  0.164402E-08  0.000000E+00  0.230354E-04
  0.511420E+04  0.260325E-04  0.103506E-06  0.548079E-16 -0.108099E-09  0.000000E+00  0.216150E-04
  0.528755E+04  0.244279E-04  0.936698E-07  0.471665E-16 -0.135185E-08  0.000000E+00  0.202821E-04
  0.546677E+04  0.229220E-04  0.846089E-07  0.405837E-16  0.105264E-08  0.000000E+00  0.190311E-04
  0.565206E+04  0.215087E-04  0.762778E-07  0.349067E-16  0.121045E-08  0.000000E+00  0.178572E-04
  0.584365E+04  0.201822E-04  0.686320E-07  0.300179E-16  0.126441E-08  0.000000E+00  0.167555E-04
  0.604171E+04  0.189375E-04  0.616304E-07  0.258138E-16 -0.113337E-08  0.000000E+00  0.157216E-04
  0.624650E+04  0.177693E-04  0.552321E-07  0.221978E-16 -0.105450E-08  0.000000E+00  0.147514E-04
  0.645822E+04  0.166731E-04  0.493988E-07  0.190921E-16 -0.999819E-10  0.000000E+00  0.138409E-04
  0.667713E+04  0.156443E-04  0.440929E-07  0.164232E-16 -0.857031E-09  0.000000E+00  0.129865E-04
  0.690345E+04  0.146790E-04  0.392793E-07  0.141333E-16 -0.841112E-09  0.000000E+00  0.121848E-04
  0.713744E+04  0.137730E-04  0.349231E-07  0.121695E-16 -0.355411E-09  0.000000E+00  0.114325E-04
  0.737936E+04  0.129229E-04  0.309915E-07  0.104841E-16  0.420223E-09  0.000000E+00  0.107265E-04
  0.762949E+04  0.121251E-04  0.274523E-07  0.903911E-17 -0.313458E-09  0.000000E+00  0.100640E-04
  0.788809E+04  0.113765E-04  0.242753E-07  0.779953E-17  0.105506E-09  0.000000E+00  0.944240E-05
  0.815546E+04  0.106740E-04  0.214312E-07  0.673432E-17 -0.440353E-09  0.000000E+00  0.885912E-05
  0.843190E+04  0.100148E-04  0.188917E-07  0.582139E-17  0.152565E-09  0.000000E+00  0.831177E-05
  0.871769E+04  0.939621E-05  0.166304E-07  0.503950E-17 -0.189086E-09  0.000000E+00  0.779821E-05
  0.901318E+04  0.881578E-05  0.146220E-07  0.436426E-17  0.142181E-09  0.000000E+00  0.731633E-05
  0.931867E+04  0.827114E-05  0.128424E-07  0.378567E-17  0.503070E-09  0.000000E+00  0.686417E-05
  0.963454E+04  0.776005E-05  0.112692E-07  0.328593E-17  0.124569E-09  0.000000E+00  0.643989E-05
  0.996110E+04  0.728051E-05  0.988146E-08  0.285687E-17 -0.165197E-09  0.000000E+00  0.604181E-05
  0.102987E+05  0.683054E-05  0.865965E-08  0.248467E-17 -0.370152E-09  0.000000E+00  0.566830E-05
  0.106478E+05  0.640834E-05  0.758575E-08  0.216336E-17  0.133709E-09  0.000000E+00  0.531784E-05
  0.110087E+05  0.601216E-05  0.664318E-08  0.188566E-17  0.338025E-09  0.000000E+00  0.498899E-05
  0.113819E+05  0.564044E-05  0.581699E-08  0.164454E-17  0.439898E-10  0.000000E+00  0.468047E-05
  0.117676E+05  0.529167E-05  0.509346E-08  0.143602E-17 -0.285822E-09  0.000000E+00  0.439099E-05
  0.121665E+05  0.496442E-05  0.446031E-08  0.125442E-17  0.501342E-10  0.000000E+00  0.411939E-05
  0.125789E+05  0.465736E-05  0.390648E-08  0.109627E-17  0.133739E-10  0.000000E+00  0.386455E-05
  0.130053E+05  0.436927E-05  0.342223E-08  0.958464E-18 -0.169968E-09  0.000000E+00  0.362546E-05
  0.134461E+05  0.409897E-05  0.299882E-08  0.837956E-18 -0.109599E-09  0.000000E+00  0.340114E-05
  0.139018E+05  0.384534E-05  0.262854E-08  0.733398E-18 -0.233684E-09  0.000000E+00  0.319066E-05
  0.143730E+05  0.360740E-05  0.230466E-08  0.642056E-18 -0.637395E-10  0.000000E+00  0.299320E-05
  0.148602E+05  0.338415E-05  0.202125E-08  0.562077E-18 -0.798284E-10  0.000000E+00  0.280793E-05
  0.153639E+05  0.317469E-05  0.177311E-08  0.492082E-18  0.161472E-09  0.000000E+00  0.263412E-05
  0.158847E+05  0.297816E-05  0.155573E-08  0.430944E-18 -0.136580E-09  0.000000E+00  0.247103E-05
  0.164231E+05  0.279379E-05  0.136522E-08  0.377343E-18 -0.166011E-09  0.000000E+00  0.231804E-05
  0.169797E+05  0.262081E-05  0.119816E-08  0.330594E-18  0.145744E-09  0.000000E+00  0.217450E-05
  0.175553E+05  0.245852E-05  0.105161E-08  0.289476E-18  0.646307E-10  0.000000E+00  0.203984E-05
  0.181503E+05  0.230626E-05  0.922992E-09  0.253606E-18  0.202188E-10  0.000000E+00  0.191350E-05
  0.187655E+05  0.216342E-05  0.810107E-09  0.222222E-18 -0.529244E-10  0.000000E+00  0.179497E-05
  0.194016E+05  0.202941E-05  0.711014E-09  0.194797E-18  0.120496E-09  0.000000E+00  0.168378E-05
  0.200592E+05  0.190369E-05  0.624024E-09  0.170666E-18 -0.776516E-10  0.000000E+00  0.157946E-05
  0.207391E+05  0.178574E-05  0.547658E-09  0.149694E-18  0.337768E-10  0.000000E+00  0.148159E-05
  0.214421E+05  0.167508E-05  0.480629E-09  0.131134E-18 -0.934289E-10  0.000000E+00  0.138978E-05
  0.221688E+05  0.157128E-05  0.421796E-09  0.114917E-18 -0.309122E-10  0.000000E+00  0.130365E-05
  0.229203E+05  0.147389E-05  0.370157E-09  0.100772E-18 -0.816681E-10  0.000000E+00  0.122285E-05
  0.236971E+05  0.138253E-05  0.324838E-09  0.883387E-19 -0.671130E-10  0.000000E+00  0.114705E-05
  0.245004E+05  0.129683E-05  0.285065E-09  0.774370E-19 -0.352053E-10  0.000000E+00  0.107594E-05
  0.253308E+05  0.121643E-05  0.250159E-09  0.679299E-19 -0.708119E-10  0.000000E+00  0.100923E-05
  0.261894E+05  0.114100E-05  0.219524E-09  0.595366E-19 -0.172107E-10  0.000000E+00  0.946645E-06
  0.270771E+05  0.107025E-05  0.192640E-09  0.522569E-19  0.425920E-10  0.000000E+00  0.887941E-06
  0.279949E+05  0.100387E-05  0.169047E-09  0.458241E-19 -0.444979E-10  0.000000E+00  0.832871E-06
  0.289437E+05  0.941609E-06  0.148342E-09  0.401528E-19 -0.358269E-10  0.000000E+00  0.781212E-06
  0.299248E+05  0.883198E-06  0.130170E-09  0.352112E-19  0.217544E-10  0.000000E+00  0.732749E-06
  0.309391E+05  0.828407E-06  0.114225E-09  0.308891E-19 -0.438084E-10  0.000000E+00  0.687290E-06
