 656 
 0.101956E-04  0.171101E+05  0.171101E+05  0.228134E+05  0.228134E+05  0.000000E+00  0.171101E+05
  0.105412E-04  0.171101E+05  0.171101E+05  0.228134E+05  0.228134E+05  0.000000E+00  0.171101E+05
  0.108984E-04  0.171101E+05  0.171101E+05  0.228134E+05  0.228134E+05  0.000000E+00  0.171101E+05
  0.112678E-04  0.171101E+05  0.171101E+05  0.228134E+05  0.228134E+05  0.000000E+00  0.171101E+05
  0.116498E-04  0.171101E+05  0.171101E+05  0.228134E+05  0.228134E+05  0.000000E+00  0.171101E+05
  0.120446E-04  0.171101E+05  0.171101E+05  0.228134E+05  0.228134E+05  0.000000E+00  0.171101E+05
  0.124529E-04  0.171101E+05  0.171101E+05  0.228134E+05  0.228134E+05  0.000000E+00  0.171101E+05
  0.128750E-04  0.171101E+05  0.171101E+05  0.228134E+05  0.228134E+05  0.000000E+00  0.171101E+05
  0.133114E-04  0.171101E+05  0.171101E+05  0.228134E+05  0.228134E+05  0.000000E+00  0.171101E+05
  0.137626E-04  0.171101E+05  0.171101E+05  0.228134E+05  0.228134E+05  0.000000E+00  0.171101E+05
  0.142291E-04  0.171101E+05  0.171101E+05  0.228134E+05  0.228134E+05  0.000000E+00  0.171101E+05
  0.147114E-04  0.171101E+05  0.171101E+05  0.228134E+05  0.228134E+05  0.000000E+00  0.171101E+05
  0.152100E-04  0.171101E+05  0.171101E+05  0.228134E+05  0.228134E+05  0.000000E+00  0.171101E+05
  0.157255E-04  0.171101E+05  0.171101E+05  0.228134E+05  0.228134E+05  0.000000E+00  0.171101E+05
  0.162586E-04  0.171101E+05  0.171101E+05  0.228134E+05  0.228134E+05  0.000000E+00  0.171101E+05
  0.168097E-04  0.171101E+05  0.171101E+05  0.228134E+05  0.228134E+05  0.000000E+00  0.171101E+05
  0.173794E-04  0.171101E+05  0.171101E+05  0.228134E+05  0.228134E+05  0.000000E+00  0.171101E+05
  0.179685E-04  0.171101E+05  0.171101E+05  0.228134E+05  0.228134E+05  0.000000E+00  0.171101E+05
  0.185775E-04  0.171101E+05  0.171101E+05  0.228134E+05  0.228134E+05  0.000000E+00  0.171101E+05
  0.192072E-04  0.171101E+05  0.171101E+05  0.228134E+05  0.228134E+05  0.000000E+00  0.171101E+05
  0.198583E-04  0.171101E+05  0.171101E+05  0.228134E+05  0.228134E+05  0.000000E+00  0.171101E+05
  0.205314E-04  0.171101E+05  0.171101E+05  0.228134E+05  0.228134E+05  0.000000E+00  0.171101E+05
  0.212273E-04  0.171101E+05  0.171101E+05  0.228134E+05  0.228134E+05  0.000000E+00  0.171101E+05
  0.219468E-04  0.171101E+05  0.171101E+05  0.228134E+05  0.228134E+05  0.000000E+00  0.171101E+05
  0.226907E-04  0.171101E+05  0.171101E+05  0.228134E+05  0.228134E+05  0.000000E+00  0.171101E+05
  0.234598E-04  0.171101E+05  0.171101E+05  0.228134E+05  0.228134E+05  0.000000E+00  0.171101E+05
  0.242549E-04  0.171101E+05  0.171101E+05  0.228134E+05  0.228134E+05  0.000000E+00  0.171101E+05
  0.250771E-04  0.171101E+05  0.171101E+05  0.228134E+05  0.228134E+05  0.000000E+00  0.171101E+05
  0.259270E-04  0.171101E+05  0.171101E+05  0.228134E+05  0.228134E+05  0.000000E+00  0.171101E+05
  0.268058E-04  0.171101E+05  0.171101E+05  0.228134E+05  0.228134E+05  0.000000E+00  0.171101E+05
  0.277144E-04  0.171101E+05  0.171101E+05  0.228134E+05  0.228134E+05  0.000000E+00  0.171101E+05
  0.286538E-04  0.171101E+05  0.171101E+05  0.228134E+05  0.228134E+05  0.000000E+00  0.171101E+05
  0.296250E-04  0.171101E+05  0.171101E+05  0.228134E+05  0.228134E+05  0.000000E+00  0.171101E+05
  0.306292E-04  0.171101E+05  0.171101E+05  0.228134E+05  0.228134E+05  0.000000E+00  0.171101E+05
  0.316674E-04  0.171101E+05  0.171101E+05  0.228134E+05  0.228134E+05  0.000000E+00  0.171101E+05
  0.327407E-04  0.171101E+05  0.171101E+05  0.228134E+05  0.228134E+05  0.000000E+00  0.171101E+05
  0.338505E-04  0.171101E+05  0.171101E+05  0.228134E+05  0.228134E+05  0.000000E+00  0.171101E+05
  0.349979E-04  0.171101E+05  0.171101E+05  0.228134E+05  0.228134E+05  0.000000E+00  0.171101E+05
  0.361841E-04  0.171101E+05  0.171101E+05  0.228134E+05  0.228134E+05  0.000000E+00  0.171101E+05
  0.374106E-04  0.171101E+05  0.171101E+05  0.228134E+05  0.228134E+05  0.000000E+00  0.171101E+05
  0.386786E-04  0.171101E+05  0.171101E+05  0.228134E+05  0.228134E+05  0.000000E+00  0.171101E+05
  0.399896E-04  0.171101E+05  0.171100E+05  0.228134E+05  0.228134E+05  0.000000E+00  0.171101E+05
  0.413451E-04  0.171101E+05  0.171100E+05  0.228134E+05  0.228133E+05  0.000000E+00  0.171101E+05
  0.427465E-04  0.171101E+05  0.171100E+05  0.228134E+05  0.228133E+05  0.000000E+00  0.171101E+05
  0.441954E-04  0.171101E+05  0.171100E+05  0.228134E+05  0.228133E+05  0.000000E+00  0.171101E+05
  0.456934E-04  0.171101E+05  0.171100E+05  0.228134E+05  0.228133E+05  0.000000E+00  0.171101E+05
  0.472422E-04  0.171101E+05  0.171100E+05  0.228134E+05  0.228133E+05  0.000000E+00  0.171101E+05
  0.488434E-04  0.171101E+05  0.171100E+05  0.228134E+05  0.228133E+05  0.000000E+00  0.171101E+05
  0.504990E-04  0.171101E+05  0.171100E+05  0.228134E+05  0.228133E+05  0.000000E+00  0.171101E+05
  0.522107E-04  0.171101E+05  0.171100E+05  0.228134E+05  0.228133E+05  0.000000E+00  0.171101E+05
  0.539803E-04  0.171101E+05  0.171100E+05  0.228134E+05  0.228133E+05  0.000000E+00  0.171101E+05
  0.558100E-04  0.171101E+05  0.171100E+05  0.228134E+05  0.228133E+05  0.000000E+00  0.171101E+05
  0.577017E-04  0.171101E+05  0.171100E+05  0.228133E+05  0.228133E+05  0.000000E+00  0.171101E+05
  0.596575E-04  0.171101E+05  0.171100E+05  0.228133E+05  0.228132E+05  0.000000E+00  0.171101E+05
  0.616796E-04  0.171101E+05  0.171100E+05  0.228133E+05  0.228132E+05  0.000000E+00  0.171101E+05
  0.637702E-04  0.171101E+05  0.171100E+05  0.228133E+05  0.228132E+05  0.000000E+00  0.171100E+05
  0.659317E-04  0.171101E+05  0.171100E+05  0.228133E+05  0.228132E+05  0.000000E+00  0.171100E+05
  0.681665E-04  0.171101E+05  0.171100E+05  0.228133E+05  0.228132E+05  0.000000E+00  0.171100E+05
  0.704770E-04  0.171101E+05  0.171100E+05  0.228133E+05  0.228132E+05  0.000000E+00  0.171100E+05
  0.728658E-04  0.171101E+05  0.171100E+05  0.228133E+05  0.228131E+05  0.000000E+00  0.171100E+05
  0.753356E-04  0.171101E+05  0.171100E+05  0.228133E+05  0.228131E+05  0.000000E+00  0.171100E+05
  0.778891E-04  0.171100E+05  0.171100E+05  0.228133E+05  0.228131E+05  0.000000E+00  0.171100E+05
  0.805292E-04  0.171100E+05  0.171099E+05  0.228133E+05  0.228131E+05  0.000000E+00  0.171100E+05
  0.832588E-04  0.171100E+05  0.171099E+05  0.228132E+05  0.228130E+05  0.000000E+00  0.171100E+05
  0.860808E-04  0.171100E+05  0.171099E+05  0.228132E+05  0.228130E+05  0.000000E+00  0.171100E+05
  0.889986E-04  0.171100E+05  0.171099E+05  0.228132E+05  0.228130E+05  0.000000E+00  0.171100E+05
  0.920152E-04  0.171100E+05  0.171099E+05  0.228132E+05  0.228130E+05  0.000000E+00  0.171100E+05
  0.951340E-04  0.171100E+05  0.171099E+05  0.228132E+05  0.228129E+05  0.000000E+00  0.171100E+05
  0.983586E-04  0.171100E+05  0.171099E+05  0.228132E+05  0.228129E+05  0.000000E+00  0.171100E+05
  0.101692E-03  0.171100E+05  0.171099E+05  0.228131E+05  0.228128E+05  0.000000E+00  0.171100E+05
  0.105139E-03  0.171100E+05  0.171098E+05  0.228131E+05  0.228128E+05  0.000000E+00  0.171100E+05
  0.108703E-03  0.171100E+05  0.171098E+05  0.228131E+05  0.228128E+05  0.000000E+00  0.171100E+05
  0.112388E-03  0.171100E+05  0.171098E+05  0.228131E+05  0.228127E+05  0.000000E+00  0.171100E+05
  0.116197E-03  0.171100E+05  0.171098E+05  0.228130E+05  0.228127E+05  0.000000E+00  0.171100E+05
  0.120135E-03  0.171100E+05  0.171098E+05  0.228130E+05  0.228126E+05  0.000000E+00  0.171100E+05
  0.124207E-03  0.171100E+05  0.171098E+05  0.228130E+05  0.228126E+05  0.000000E+00  0.171100E+05
  0.128417E-03  0.171100E+05  0.171097E+05  0.228130E+05  0.228125E+05  0.000000E+00  0.171099E+05
  0.132770E-03  0.171100E+05  0.171097E+05  0.228129E+05  0.228124E+05  0.000000E+00  0.171099E+05
  0.137271E-03  0.171100E+05  0.171097E+05  0.228129E+05  0.228124E+05  0.000000E+00  0.171099E+05
  0.141923E-03  0.171100E+05  0.171097E+05  0.228129E+05  0.228123E+05  0.000000E+00  0.171099E+05
  0.146734E-03  0.171100E+05  0.171096E+05  0.228128E+05  0.228122E+05  0.000000E+00  0.171099E+05
  0.151707E-03  0.171100E+05  0.171096E+05  0.228128E+05  0.228121E+05  0.000000E+00  0.171099E+05
  0.156849E-03  0.171099E+05  0.171096E+05  0.228127E+05  0.228120E+05  0.000000E+00  0.171099E+05
  0.162166E-03  0.171099E+05  0.171095E+05  0.228127E+05  0.228119E+05  0.000000E+00  0.171099E+05
  0.167663E-03  0.171099E+05  0.171095E+05  0.228126E+05  0.228118E+05  0.000000E+00  0.171099E+05
  0.173345E-03  0.171099E+05  0.171094E+05  0.228126E+05  0.228117E+05  0.000000E+00  0.171098E+05
  0.179221E-03  0.171099E+05  0.171094E+05  0.228125E+05  0.228116E+05  0.000000E+00  0.171098E+05
  0.185296E-03  0.171099E+05  0.171094E+05  0.228124E+05  0.228115E+05  0.000000E+00  0.171098E+05
  0.191576E-03  0.171099E+05  0.171093E+05  0.228124E+05  0.228113E+05  0.000000E+00  0.171098E+05
  0.198070E-03  0.171099E+05  0.171092E+05  0.228123E+05  0.228112E+05  0.000000E+00  0.171098E+05
  0.204784E-03  0.171098E+05  0.171092E+05  0.228122E+05  0.228110E+05  0.000000E+00  0.171097E+05
  0.211725E-03  0.171098E+05  0.171091E+05  0.228121E+05  0.228109E+05  0.000000E+00  0.171097E+05
  0.218901E-03  0.171098E+05  0.171091E+05  0.228120E+05  0.228107E+05  0.000000E+00  0.171097E+05
  0.226321E-03  0.171098E+05  0.171090E+05  0.228119E+05  0.228105E+05  0.000000E+00  0.171097E+05
  0.233992E-03  0.171098E+05  0.171089E+05  0.228118E+05  0.228103E+05  0.000000E+00  0.171096E+05
  0.241923E-03  0.171098E+05  0.171088E+05  0.228117E+05  0.228101E+05  0.000000E+00  0.171096E+05
  0.250123E-03  0.171097E+05  0.171088E+05  0.228116E+05  0.228098E+05  0.000000E+00  0.171096E+05
  0.258601E-03  0.171097E+05  0.171087E+05  0.228115E+05  0.228096E+05  0.000000E+00  0.171095E+05
  0.267366E-03  0.171097E+05  0.171086E+05  0.228113E+05  0.228093E+05  0.000000E+00  0.171095E+05
  0.276429E-03  0.171097E+05  0.171085E+05  0.228112E+05  0.228090E+05  0.000000E+00  0.171095E+05
  0.285798E-03  0.171096E+05  0.171083E+05  0.228110E+05  0.228087E+05  0.000000E+00  0.171094E+05
  0.295486E-03  0.171096E+05  0.171082E+05  0.228109E+05  0.228084E+05  0.000000E+00  0.171094E+05
  0.305501E-03  0.171096E+05  0.171081E+05  0.228107E+05  0.228081E+05  0.000000E+00  0.171093E+05
  0.315856E-03  0.171095E+05  0.171080E+05  0.228105E+05  0.228077E+05  0.000000E+00  0.171093E+05
  0.326562E-03  0.171095E+05  0.171078E+05  0.228103E+05  0.228073E+05  0.000000E+00  0.171092E+05
  0.337631E-03  0.171094E+05  0.171077E+05  0.228101E+05  0.228069E+05  0.000000E+00  0.171091E+05
  0.349075E-03  0.171094E+05  0.171075E+05  0.228099E+05  0.228064E+05  0.000000E+00  0.171091E+05
  0.360907E-03  0.171094E+05  0.171073E+05  0.228096E+05  0.228059E+05  0.000000E+00  0.171090E+05
  0.373140E-03  0.171093E+05  0.171071E+05  0.228093E+05  0.228054E+05  0.000000E+00  0.171089E+05
  0.385788E-03  0.171092E+05  0.171069E+05  0.228091E+05  0.228049E+05  0.000000E+00  0.171089E+05
  0.398864E-03  0.171092E+05  0.171067E+05  0.228088E+05  0.228043E+05  0.000000E+00  0.171088E+05
  0.412383E-03  0.171091E+05  0.171065E+05  0.228084E+05  0.228037E+05  0.000000E+00  0.171087E+05
  0.426361E-03  0.171091E+05  0.171062E+05  0.228081E+05  0.228030E+05  0.000000E+00  0.171086E+05
  0.440813E-03  0.171090E+05  0.171060E+05  0.228077E+05  0.228023E+05  0.000000E+00  0.171085E+05
  0.455754E-03  0.171089E+05  0.171057E+05  0.228073E+05  0.228015E+05  0.000000E+00  0.171084E+05
  0.471202E-03  0.171088E+05  0.171054E+05  0.228069E+05  0.228007E+05  0.000000E+00  0.171082E+05
  0.487173E-03  0.171088E+05  0.171050E+05  0.228065E+05  0.227998E+05  0.000000E+00  0.171081E+05
  0.503686E-03  0.171087E+05  0.171047E+05  0.228060E+05  0.227988E+05  0.000000E+00  0.171080E+05
  0.520759E-03  0.171086E+05  0.171043E+05  0.228055E+05  0.227978E+05  0.000000E+00  0.171078E+05
  0.538410E-03  0.171085E+05  0.171039E+05  0.228049E+05  0.227968E+05  0.000000E+00  0.171077E+05
  0.556659E-03  0.171083E+05  0.171035E+05  0.228043E+05  0.227956E+05  0.000000E+00  0.171075E+05
  0.575527E-03  0.171082E+05  0.171031E+05  0.228037E+05  0.227944E+05  0.000000E+00  0.171073E+05
  0.595035E-03  0.171081E+05  0.171026E+05  0.228030E+05  0.227931E+05  0.000000E+00  0.171072E+05
  0.615204E-03  0.171080E+05  0.171021E+05  0.228023E+05  0.227917E+05  0.000000E+00  0.171070E+05
  0.636056E-03  0.171078E+05  0.171015E+05  0.228015E+05  0.227902E+05  0.000000E+00  0.171067E+05
  0.657615E-03  0.171077E+05  0.171009E+05  0.228007E+05  0.227885E+05  0.000000E+00  0.171065E+05
  0.679905E-03  0.171075E+05  0.171003E+05  0.227999E+05  0.227868E+05  0.000000E+00  0.171063E+05
  0.702951E-03  0.171073E+05  0.170996E+05  0.227989E+05  0.227850E+05  0.000000E+00  0.171060E+05
  0.726777E-03  0.171071E+05  0.170989E+05  0.227979E+05  0.227830E+05  0.000000E+00  0.171057E+05
  0.751412E-03  0.171069E+05  0.170981E+05  0.227968E+05  0.227809E+05  0.000000E+00  0.171054E+05
  0.776881E-03  0.171067E+05  0.170973E+05  0.227957E+05  0.227787E+05  0.000000E+00  0.171051E+05
  0.803213E-03  0.171065E+05  0.170964E+05  0.227945E+05  0.227763E+05  0.000000E+00  0.171048E+05
  0.830438E-03  0.171062E+05  0.170955E+05  0.227932E+05  0.227738E+05  0.000000E+00  0.171044E+05
  0.858586E-03  0.171060E+05  0.170944E+05  0.227918E+05  0.227710E+05  0.000000E+00  0.171040E+05
  0.887688E-03  0.171057E+05  0.170934E+05  0.227903E+05  0.227681E+05  0.000000E+00  0.171036E+05
  0.917776E-03  0.171054E+05  0.170922E+05  0.227887E+05  0.227650E+05  0.000000E+00  0.171031E+05
  0.948884E-03  0.171050E+05  0.170910E+05  0.227870E+05  0.227616E+05  0.000000E+00  0.171026E+05
  0.981047E-03  0.171047E+05  0.170897E+05  0.227852E+05  0.227581E+05  0.000000E+00  0.171021E+05
  0.101430E-02  0.171043E+05  0.170883E+05  0.227832E+05  0.227543E+05  0.000000E+00  0.171016E+05
  0.104868E-02  0.171039E+05  0.170868E+05  0.227811E+05  0.227502E+05  0.000000E+00  0.171010E+05
  0.108422E-02  0.171035E+05  0.170851E+05  0.227789E+05  0.227458E+05  0.000000E+00  0.171004E+05
  0.112097E-02  0.171030E+05  0.170834E+05  0.227765E+05  0.227412E+05  0.000000E+00  0.170997E+05
  0.115897E-02  0.171026E+05  0.170816E+05  0.227740E+05  0.227362E+05  0.000000E+00  0.170990E+05
  0.119825E-02  0.171020E+05  0.170796E+05  0.227712E+05  0.227309E+05  0.000000E+00  0.170982E+05
  0.123887E-02  0.171015E+05  0.170775E+05  0.227683E+05  0.227252E+05  0.000000E+00  0.170974E+05
  0.128086E-02  0.171009E+05  0.170753E+05  0.227652E+05  0.227191E+05  0.000000E+00  0.170965E+05
  0.132427E-02  0.171003E+05  0.170729E+05  0.227619E+05  0.227126E+05  0.000000E+00  0.170956E+05
  0.136916E-02  0.170996E+05  0.170703E+05  0.227584E+05  0.227057E+05  0.000000E+00  0.170946E+05
  0.141557E-02  0.170989E+05  0.170676E+05  0.227546E+05  0.226983E+05  0.000000E+00  0.170935E+05
  0.146355E-02  0.170981E+05  0.170647E+05  0.227505E+05  0.226904E+05  0.000000E+00  0.170924E+05
  0.151316E-02  0.170973E+05  0.170615E+05  0.227462E+05  0.226819E+05  0.000000E+00  0.170912E+05
  0.156445E-02  0.170964E+05  0.170582E+05  0.227416E+05  0.226729E+05  0.000000E+00  0.170899E+05
  0.161747E-02  0.170954E+05  0.170546E+05  0.227366E+05  0.226632E+05  0.000000E+00  0.170885E+05
  0.167230E-02  0.170944E+05  0.170508E+05  0.227313E+05  0.226529E+05  0.000000E+00  0.170870E+05
  0.172898E-02  0.170933E+05  0.170467E+05  0.227257E+05  0.226418E+05  0.000000E+00  0.170854E+05
  0.178758E-02  0.170922E+05  0.170424E+05  0.227196E+05  0.226301E+05  0.000000E+00  0.170837E+05
  0.184817E-02  0.170910E+05  0.170377E+05  0.227132E+05  0.226175E+05  0.000000E+00  0.170819E+05
  0.191082E-02  0.170896E+05  0.170327E+05  0.227063E+05  0.226040E+05  0.000000E+00  0.170799E+05
  0.197559E-02  0.170882E+05  0.170274E+05  0.226989E+05  0.225896E+05  0.000000E+00  0.170779E+05
  0.204255E-02  0.170867E+05  0.170217E+05  0.226910E+05  0.225743E+05  0.000000E+00  0.170757E+05
  0.211178E-02  0.170851E+05  0.170156E+05  0.226826E+05  0.225579E+05  0.000000E+00  0.170733E+05
  0.218336E-02  0.170834E+05  0.170091E+05  0.226736E+05  0.225403E+05  0.000000E+00  0.170708E+05
  0.225737E-02  0.170816E+05  0.170022E+05  0.226640E+05  0.225216E+05  0.000000E+00  0.170680E+05
  0.233388E-02  0.170796E+05  0.169948E+05  0.226537E+05  0.225016E+05  0.000000E+00  0.170652E+05
  0.241299E-02  0.170775E+05  0.169868E+05  0.226427E+05  0.224803E+05  0.000000E+00  0.170621E+05
  0.249477E-02  0.170753E+05  0.169784E+05  0.226310E+05  0.224575E+05  0.000000E+00  0.170588E+05
  0.257933E-02  0.170729E+05  0.169693E+05  0.226184E+05  0.224331E+05  0.000000E+00  0.170552E+05
  0.266676E-02  0.170703E+05  0.169597E+05  0.226050E+05  0.224071E+05  0.000000E+00  0.170515E+05
  0.275715E-02  0.170676E+05  0.169493E+05  0.225907E+05  0.223793E+05  0.000000E+00  0.170474E+05
  0.285060E-02  0.170647E+05  0.169383E+05  0.225754E+05  0.223497E+05  0.000000E+00  0.170431E+05
  0.294723E-02  0.170615E+05  0.169265E+05  0.225591E+05  0.223180E+05  0.000000E+00  0.170385E+05
  0.304712E-02  0.170582E+05  0.169139E+05  0.225416E+05  0.222842E+05  0.000000E+00  0.170336E+05
  0.315041E-02  0.170546E+05  0.169004E+05  0.225230E+05  0.222481E+05  0.000000E+00  0.170284E+05
  0.325719E-02  0.170508E+05  0.168860E+05  0.225031E+05  0.222096E+05  0.000000E+00  0.170228E+05
  0.336759E-02  0.170468E+05  0.168707E+05  0.224818E+05  0.221685E+05  0.000000E+00  0.170168E+05
  0.348174E-02  0.170424E+05  0.168543E+05  0.224591E+05  0.221246E+05  0.000000E+00  0.170104E+05
  0.359975E-02  0.170378E+05  0.168367E+05  0.224348E+05  0.220778E+05  0.000000E+00  0.170035E+05
  0.372177E-02  0.170328E+05  0.168180E+05  0.224089E+05  0.220279E+05  0.000000E+00  0.169962E+05
  0.384792E-02  0.170275E+05  0.167980E+05  0.223812E+05  0.219746E+05  0.000000E+00  0.169884E+05
  0.397834E-02  0.170218E+05  0.167767E+05  0.223516E+05  0.219178E+05  0.000000E+00  0.169801E+05
  0.411319E-02  0.170158E+05  0.167539E+05  0.223200E+05  0.218572E+05  0.000000E+00  0.169712E+05
  0.425260E-02  0.170093E+05  0.167295E+05  0.222863E+05  0.217926E+05  0.000000E+00  0.169616E+05
  0.439675E-02  0.170024E+05  0.167035E+05  0.222503E+05  0.217237E+05  0.000000E+00  0.169515E+05
  0.454577E-02  0.169950E+05  0.166758E+05  0.222119E+05  0.216503E+05  0.000000E+00  0.169406E+05
  0.469985E-02  0.169871E+05  0.166461E+05  0.221709E+05  0.215721E+05  0.000000E+00  0.169290E+05
  0.485916E-02  0.169787E+05  0.166145E+05  0.221271E+05  0.214887E+05  0.000000E+00  0.169167E+05
  0.502386E-02  0.169698E+05  0.165807E+05  0.220803E+05  0.214000E+05  0.000000E+00  0.169035E+05
  0.519414E-02  0.169602E+05  0.165447E+05  0.220305E+05  0.213054E+05  0.000000E+00  0.168894E+05
  0.537020E-02  0.169499E+05  0.165063E+05  0.219773E+05  0.212048E+05  0.000000E+00  0.168743E+05
  0.555222E-02  0.169390E+05  0.164652E+05  0.219205E+05  0.210976E+05  0.000000E+00  0.168583E+05
  0.574042E-02  0.169273E+05  0.164215E+05  0.218599E+05  0.209836E+05  0.000000E+00  0.168411E+05
  0.593499E-02  0.169148E+05  0.163748E+05  0.217953E+05  0.208624E+05  0.000000E+00  0.168228E+05
  0.613615E-02  0.169015E+05  0.163250E+05  0.217264E+05  0.207335E+05  0.000000E+00  0.168033E+05
  0.634414E-02  0.168873E+05  0.162719E+05  0.216530E+05  0.205964E+05  0.000000E+00  0.167825E+05
  0.655917E-02  0.168722E+05  0.162152E+05  0.215747E+05  0.204508E+05  0.000000E+00  0.167603E+05
  0.678150E-02  0.168560E+05  0.161549E+05  0.214912E+05  0.202962E+05  0.000000E+00  0.167366E+05
  0.701136E-02  0.168388E+05  0.160905E+05  0.214022E+05  0.201320E+05  0.000000E+00  0.167113E+05
  0.724901E-02  0.168204E+05  0.160220E+05  0.213074E+05  0.199578E+05  0.000000E+00  0.166843E+05
  0.749471E-02  0.168007E+05  0.159489E+05  0.212065E+05  0.197731E+05  0.000000E+00  0.166556E+05
  0.774875E-02  0.167798E+05  0.158711E+05  0.210989E+05  0.195773E+05  0.000000E+00  0.166250E+05
  0.801139E-02  0.167575E+05  0.157883E+05  0.209845E+05  0.193699E+05  0.000000E+00  0.165924E+05
  0.828294E-02  0.167337E+05  0.157001E+05  0.208626E+05  0.191503E+05  0.000000E+00  0.165576E+05
  0.856369E-02  0.167083E+05  0.156062E+05  0.207329E+05  0.189180E+05  0.000000E+00  0.165206E+05
  0.885396E-02  0.166813E+05  0.155063E+05  0.205950E+05  0.186724E+05  0.000000E+00  0.164811E+05
  0.915407E-02  0.166525E+05  0.154001E+05  0.204483E+05  0.184130E+05  0.000000E+00  0.164391E+05
  0.946434E-02  0.166218E+05  0.152871E+05  0.202924E+05  0.181393E+05  0.000000E+00  0.163944E+05
  0.978514E-02  0.165891E+05  0.151671E+05  0.201268E+05  0.178506E+05  0.000000E+00  0.163468E+05
  0.101168E-01  0.165543E+05  0.150395E+05  0.199508E+05  0.175464E+05  0.000000E+00  0.162963E+05
  0.104597E-01  0.165173E+05  0.149041E+05  0.197640E+05  0.172264E+05  0.000000E+00  0.162424E+05
  0.108143E-01  0.164779E+05  0.147603E+05  0.195658E+05  0.168899E+05  0.000000E+00  0.161852E+05
  0.111808E-01  0.164359E+05  0.146077E+05  0.193555E+05  0.165366E+05  0.000000E+00  0.161245E+05
  0.115598E-01  0.163913E+05  0.144459E+05  0.191327E+05  0.161662E+05  0.000000E+00  0.160599E+05
  0.119516E-01  0.163439E+05  0.142745E+05  0.188966E+05  0.157783E+05  0.000000E+00  0.159913E+05
  0.123567E-01  0.162935E+05  0.140929E+05  0.186466E+05  0.153727E+05  0.000000E+00  0.159186E+05
  0.127755E-01  0.162400E+05  0.139006E+05  0.183821E+05  0.149492E+05  0.000000E+00  0.158414E+05
  0.132086E-01  0.161831E+05  0.136973E+05  0.181026E+05  0.145079E+05  0.000000E+00  0.157596E+05
  0.136563E-01  0.161228E+05  0.134824E+05  0.178072E+05  0.140489E+05  0.000000E+00  0.156729E+05
  0.141191E-01  0.160587E+05  0.132554E+05  0.174955E+05  0.135722E+05  0.000000E+00  0.155811E+05
  0.145977E-01  0.159908E+05  0.130159E+05  0.171667E+05  0.130785E+05  0.000000E+00  0.154840E+05
  0.150925E-01  0.159189E+05  0.127634E+05  0.168203E+05  0.125681E+05  0.000000E+00  0.153813E+05
  0.156041E-01  0.158426E+05  0.124975E+05  0.164558E+05  0.120419E+05  0.000000E+00  0.152727E+05
  0.161330E-01  0.157619E+05  0.122177E+05  0.160727E+05  0.115008E+05  0.000000E+00  0.151581E+05
  0.166798E-01  0.156765E+05  0.119237E+05  0.156703E+05  0.109459E+05  0.000000E+00  0.150372E+05
  0.172452E-01  0.155862E+05  0.116151E+05  0.152484E+05  0.103788E+05  0.000000E+00  0.149097E+05
  0.178297E-01  0.154908E+05  0.112917E+05  0.148066E+05  0.980111E+04  0.000000E+00  0.147754E+05
  0.184340E-01  0.153901E+05  0.109532E+05  0.143447E+05  0.921475E+04  0.000000E+00  0.146342E+05
  0.190588E-01  0.152839E+05  0.105994E+05  0.138625E+05  0.862197E+04  0.000000E+00  0.144858E+05
  0.197048E-01  0.151718E+05  0.102303E+05  0.133601E+05  0.802527E+04  0.000000E+00  0.143300E+05
  0.203727E-01  0.150539E+05  0.984597E+04  0.128375E+05  0.742745E+04  0.000000E+00  0.141666E+05
  0.210633E-01  0.149298E+05  0.944649E+04  0.122952E+05  0.683153E+04  0.000000E+00  0.139956E+05
  0.217772E-01  0.147993E+05  0.903217E+04  0.117335E+05  0.624080E+04  0.000000E+00  0.138168E+05
  0.225154E-01  0.146624E+05  0.860343E+04  0.111532E+05  0.565876E+04  0.000000E+00  0.136301E+05
  0.232785E-01  0.145187E+05  0.816088E+04  0.105553E+05  0.508906E+04  0.000000E+00  0.134355E+05
  0.240676E-01  0.143682E+05  0.770531E+04  0.994099E+04  0.453550E+04  0.000000E+00  0.132330E+05
  0.248833E-01  0.142107E+05  0.723771E+04  0.931175E+04  0.400189E+04  0.000000E+00  0.130227E+05
  0.257268E-01  0.140461E+05  0.675931E+04  0.866940E+04  0.349201E+04  0.000000E+00  0.128046E+05
  0.265988E-01  0.138743E+05  0.627157E+04  0.801612E+04  0.300952E+04  0.000000E+00  0.125790E+05
  0.275003E-01  0.136953E+05  0.577621E+04  0.735438E+04  0.255783E+04  0.000000E+00  0.123461E+05
  0.284325E-01  0.135089E+05  0.527523E+04  0.668708E+04  0.213997E+04  0.000000E+00  0.121062E+05
  0.293962E-01  0.133154E+05  0.477093E+04  0.601747E+04  0.175853E+04  0.000000E+00  0.118596E+05
  0.303926E-01  0.131145E+05  0.426588E+04  0.534919E+04  0.141544E+04  0.000000E+00  0.116070E+05
  0.314227E-01  0.129065E+05  0.376299E+04  0.468629E+04  0.111195E+04  0.000000E+00  0.113487E+05
  0.324878E-01  0.126915E+05  0.326539E+04  0.403314E+04  0.848414E+03  0.000000E+00  0.110855E+05
  0.335890E-01  0.124734E+05  0.277980E+04  0.339862E+04  0.860083E+03  0.000000E+00  0.108219E+05
  0.347275E-01  0.122454E+05  0.230393E+04  0.278012E+04  0.705138E+03  0.000000E+00  0.105517E+05
  0.359046E-01  0.120111E+05  0.184456E+04  0.218655E+04  0.588326E+03  0.000000E+00  0.102790E+05
  0.371216E-01  0.117707E+05  0.140578E+04  0.162334E+04  0.506070E+03  0.000000E+00  0.100049E+05
  0.383798E-01  0.115247E+05  0.991844E+03  0.109606E+04  0.453868E+03  0.000000E+00  0.973024E+04
  0.396807E-01  0.112734E+05  0.607013E+03  0.610182E+03  0.426426E+03  0.000000E+00  0.945620E+04
  0.410257E-01  0.110174E+05  0.255525E+03  0.171045E+03  0.417908E+03  0.000000E+00  0.918386E+04
  0.424162E-01  0.107557E+05 -0.596180E+02 -0.217686E+03  0.301871E+03  0.000000E+00  0.891309E+04
  0.438539E-01  0.104913E+05 -0.332792E+03 -0.549227E+03  0.291630E+03  0.000000E+00  0.864717E+04
  0.453404E-01  0.102236E+05 -0.561557E+03 -0.820946E+03  0.280101E+03  0.000000E+00  0.838613E+04
  0.468772E-01  0.995334E+04 -0.743200E+03 -0.103005E+04  0.262698E+03  0.000000E+00  0.813096E+04
  0.484661E-01  0.968109E+04 -0.875797E+03 -0.117491E+04  0.236186E+03  0.000000E+00  0.788251E+04
  0.501089E-01  0.940762E+04 -0.957755E+03 -0.125473E+04  0.198985E+03  0.000000E+00  0.764167E+04
  0.518073E-01  0.913412E+04 -0.989976E+03 -0.127139E+04  0.225814E+03  0.000000E+00  0.740927E+04
  0.535634E-01  0.886036E+04 -0.974041E+03 -0.122833E+04  0.185848E+03  0.000000E+00  0.718487E+04
  0.553789E-01  0.858754E+04 -0.912384E+03 -0.112999E+04  0.143364E+03  0.000000E+00  0.696903E+04
  0.572560E-01  0.831639E+04 -0.809281E+03 -0.983141E+03  0.102956E+03  0.000000E+00  0.676165E+04
  0.591966E-01  0.804768E+04 -0.670537E+03 -0.796432E+03  0.694952E+02  0.000000E+00  0.656236E+04
  0.612031E-01  0.778181E+04 -0.503652E+03 -0.580461E+03 -0.279957E+01  0.000000E+00  0.637021E+04
  0.632776E-01  0.752005E+04 -0.316882E+03 -0.346567E+03 -0.235365E+02  0.000000E+00  0.618487E+04
  0.654224E-01  0.726278E+04 -0.120143E+03 -0.107752E+03 -0.313496E+02  0.000000E+00  0.600495E+04
  0.676399E-01  0.701063E+04  0.760425E+02  0.122700E+03 -0.277214E+02  0.000000E+00  0.582918E+04
  0.699326E-01  0.676411E+04  0.260798E+03  0.331662E+03 -0.163117E+02  0.000000E+00  0.565614E+04
  0.723029E-01  0.652385E+04  0.423663E+03  0.507180E+03  0.320407E+02  0.000000E+00  0.548456E+04
  0.747537E-01  0.628988E+04  0.554734E+03  0.638750E+03  0.515202E+02  0.000000E+00  0.531278E+04
  0.772874E-01  0.606254E+04  0.646057E+03  0.718935E+03  0.641397E+02  0.000000E+00  0.513973E+04
  0.799071E-01  0.584195E+04  0.692009E+03  0.743764E+03  0.669265E+02  0.000000E+00  0.496455E+04
  0.826156E-01  0.562808E+04  0.690028E+03  0.713426E+03  0.597390E+02  0.000000E+00  0.478678E+04
  0.854158E-01  0.542082E+04  0.641142E+03  0.632615E+03  0.453529E+02  0.000000E+00  0.460651E+04
  0.883110E-01  0.521995E+04  0.550303E+03  0.510533E+03  0.286274E+02  0.000000E+00  0.442438E+04
  0.913043E-01  0.502519E+04  0.426329E+03  0.360359E+03  0.148911E+02  0.000000E+00  0.424168E+04
  0.943991E-01  0.483621E+04  0.281428E+03  0.198193E+03  0.801269E+01  0.000000E+00  0.406021E+04
  0.975987E-01  0.465270E+04  0.130320E+03  0.415462E+02  0.888789E+01  0.000000E+00  0.388222E+04
  0.100907E+00  0.447435E+04 -0.111919E+02 -0.926642E+02  0.150473E+02  0.000000E+00  0.371014E+04
  0.104327E+00  0.430091E+04 -0.127946E+03 -0.190264E+03  0.217567E+02  0.000000E+00  0.354636E+04
  0.107863E+00  0.413219E+04 -0.207428E+03 -0.241930E+03  0.243099E+02  0.000000E+00  0.339285E+04
  0.111519E+00  0.396809E+04 -0.241678E+03 -0.244824E+03  0.205112E+02  0.000000E+00  0.325087E+04
  0.115299E+00  0.380859E+04 -0.228850E+03 -0.203412E+03  0.119943E+02  0.000000E+00  0.312073E+04
  0.119207E+00  0.365374E+04 -0.174023E+03 -0.129114E+03  0.340937E+01  0.000000E+00  0.300160E+04
  0.123248E+00  0.350363E+04 -0.889446E+02 -0.386227E+02 -0.357457E+00  0.000000E+00  0.289156E+04
  0.127425E+00  0.335840E+04  0.946414E+01  0.489867E+02  0.262690E+01  0.000000E+00  0.278784E+04
  0.131745E+00  0.321816E+04  0.101853E+03  0.115999E+03  0.994724E+01  0.000000E+00  0.268724E+04
  0.136210E+00  0.308299E+04  0.170060E+03  0.149867E+03  0.165699E+02  0.000000E+00  0.258671E+04
  0.140827E+00  0.295286E+04  0.200998E+03  0.146202E+03  0.187629E+02  0.000000E+00  0.248403E+04
  0.145600E+00  0.282769E+04  0.189912E+03  0.109989E+03  0.171522E+02  0.000000E+00  0.237829E+04
  0.150535E+00  0.270727E+04  0.141997E+03  0.543852E+02  0.159777E+02  0.000000E+00  0.227023E+04
  0.155638E+00  0.259138E+04  0.716268E+02 -0.290728E+01  0.186970E+02  0.000000E+00  0.216209E+04
  0.160913E+00  0.247975E+04 -0.105248E+01 -0.449215E+02  0.239294E+02  0.000000E+00  0.205709E+04
  0.166367E+00  0.237213E+04 -0.556623E+02 -0.608218E+02  0.262576E+02  0.000000E+00  0.195851E+04
  0.172006E+00  0.226836E+04 -0.777811E+02 -0.494696E+02  0.217851E+02  0.000000E+00  0.186865E+04
  0.177837E+00  0.216832E+04 -0.638644E+02 -0.196140E+02  0.125822E+02  0.000000E+00  0.178803E+04
  0.183864E+00  0.207198E+04 -0.227530E+02  0.138149E+02  0.448173E+01  0.000000E+00  0.171510E+04
  0.190096E+00  0.197931E+04  0.272749E+02  0.361006E+02  0.578335E+00  0.000000E+00  0.164674E+04
  0.196540E+00  0.189033E+04  0.654634E+02  0.391655E+02 -0.102757E+01  0.000000E+00  0.157942E+04
  0.203202E+00  0.180498E+04  0.771161E+02  0.249283E+02 -0.230882E+01  0.000000E+00  0.151061E+04
  0.210089E+00  0.172318E+04  0.600076E+02  0.363327E+01 -0.155202E+01  0.000000E+00  0.143982E+04
  0.217210E+00  0.164475E+04  0.253236E+02 -0.122369E+02  0.227026E+01  0.000000E+00  0.136885E+04
  0.224572E+00  0.156951E+04 -0.804667E+01 -0.151659E+02  0.499200E+01  0.000000E+00  0.130074E+04
  0.232184E+00  0.149730E+04 -0.235202E+02 -0.655707E+01  0.298634E+01  0.000000E+00  0.123820E+04
  0.240054E+00  0.142799E+04 -0.158447E+02  0.521014E+01 -0.331743E-01  0.000000E+00  0.118200E+04
  0.248191E+00  0.136150E+04  0.635310E+01  0.113083E+02  0.426629E+00  0.000000E+00  0.113062E+04
  0.256603E+00  0.129779E+04  0.266269E+02  0.878095E+01  0.152227E+01  0.000000E+00  0.108122E+04
  0.265301E+00  0.123682E+04  0.318624E+02  0.178393E+01  0.598277E+00  0.000000E+00  0.103153E+04
  0.274293E+00  0.117848E+04  0.209741E+02 -0.300255E+01  0.124586E+01  0.000000E+00  0.981279E+03
  0.283590E+00  0.112269E+04  0.461330E+01 -0.246278E+01  0.351798E+01  0.000000E+00  0.932200E+03
  0.293203E+00  0.106930E+04 -0.409994E+01  0.100332E+01  0.343813E+01  0.000000E+00  0.886423E+03
  0.303141E+00  0.101821E+04 -0.326377E+00  0.305679E+01  0.297930E+01  0.000000E+00  0.844685E+03
  0.313416E+00  0.969347E+03  0.947110E+01  0.217267E+01  0.307875E+01  0.000000E+00  0.805813E+03
  0.324039E+00  0.922633E+03  0.147970E+02  0.354573E+00  0.906147E+00  0.000000E+00  0.767964E+03
  0.335023E+00  0.877998E+03  0.114625E+02 -0.184885E+00 -0.566048E+00  0.000000E+00  0.730366E+03
  0.346378E+00  0.835365E+03  0.462637E+01  0.418991E+00 -0.405827E+00  0.000000E+00  0.693832E+03
  0.358119E+00  0.794647E+03  0.187428E+01  0.802918E+00  0.848755E-01  0.000000E+00  0.659582E+03
  0.370257E+00  0.755766E+03  0.463061E+01  0.601048E+00  0.121470E+01  0.000000E+00  0.627794E+03
  0.382807E+00  0.718648E+03  0.779339E+01  0.386680E+00  0.165776E+00  0.000000E+00  0.597539E+03
  0.395783E+00  0.683227E+03  0.712976E+01  0.339333E+00  0.604488E-02  0.000000E+00  0.568040E+03
  0.409198E+00  0.649433E+03  0.430177E+01  0.263841E+00  0.560942E+00  0.000000E+00  0.539522E+03
  0.423068E+00  0.617198E+03  0.332308E+01  0.253566E+00  0.972669E+00  0.000000E+00  0.512612E+03
  0.437407E+00  0.586462E+03  0.454606E+01  0.337134E+00  0.105348E+01  0.000000E+00  0.487321E+03
  0.452233E+00  0.557163E+03  0.512379E+01  0.256380E+00  0.799052E+00  0.000000E+00  0.463112E+03
  0.467562E+00  0.529239E+03  0.409445E+01  0.110020E+00  0.597869E-01  0.000000E+00  0.439770E+03
  0.483410E+00  0.502629E+03  0.330672E+01  0.176085E+00 -0.220979E+00  0.000000E+00  0.417559E+03
  0.499795E+00  0.477278E+03  0.358466E+01  0.229858E+00  0.808579E-02  0.000000E+00  0.396574E+03
  0.516736E+00  0.453132E+03  0.369277E+01  0.105026E+00  0.489417E+00  0.000000E+00  0.376561E+03
  0.534250E+00  0.430140E+03  0.319206E+01  0.869171E-01 -0.117235E+00  0.000000E+00  0.357401E+03
  0.552359E+00  0.408250E+03  0.293122E+01  0.154742E+00  0.336247E+00  0.000000E+00  0.339195E+03
  0.571081E+00  0.387413E+03  0.296642E+01  0.902624E-01  0.541985E+00  0.000000E+00  0.321915E+03
  0.590438E+00  0.367584E+03  0.277888E+01  0.605689E-01  0.203773E+00  0.000000E+00  0.305432E+03
  0.610451E+00  0.348718E+03  0.255005E+01  0.101627E+00  0.158386E-01  0.000000E+00  0.289742E+03
  0.631142E+00  0.330773E+03  0.247448E+01  0.589058E-01 -0.534634E-01  0.000000E+00  0.274841E+03
  0.652535E+00  0.313706E+03  0.234745E+01  0.535835E-01  0.141887E+00  0.000000E+00  0.260659E+03
  0.674653E+00  0.297478E+03  0.219599E+01  0.642293E-01  0.114644E-01  0.000000E+00  0.247171E+03
  0.697520E+00  0.282050E+03  0.209683E+01  0.376619E-01  0.216437E+00  0.000000E+00  0.234354E+03
  0.721163E+00  0.267386E+03  0.198541E+01  0.472911E-01  0.265790E+00  0.000000E+00  0.222170E+03
  0.745607E+00  0.253450E+03  0.187540E+01  0.343843E-01 -0.237699E-02  0.000000E+00  0.210589E+03
  0.770879E+00  0.240207E+03  0.177702E+01  0.337402E-01 -0.748942E-01  0.000000E+00  0.199585E+03
  0.797008E+00  0.227625E+03  0.168075E+01  0.287607E-01  0.832808E-01  0.000000E+00  0.189131E+03
  0.824022E+00  0.215675E+03  0.159179E+01  0.258954E-01 -0.166942E-02  0.000000E+00  0.179202E+03
  0.851953E+00  0.204327E+03  0.150528E+01  0.227566E-01  0.151078E+00  0.000000E+00  0.169772E+03
  0.880830E+00  0.193552E+03  0.142559E+01  0.203201E-01 -0.452021E-01  0.000000E+00  0.160819E+03
  0.910686E+00  0.183324E+03  0.134993E+01  0.178987E-01 -0.169327E-01  0.000000E+00  0.152321E+03
  0.941553E+00  0.173616E+03  0.127703E+01  0.159027E-01  0.551953E-01  0.000000E+00  0.144254E+03
  0.973468E+00  0.164402E+03  0.120876E+01  0.141024E-01  0.250389E-01  0.000000E+00  0.136599E+03
  0.100646E+01  0.155659E+03  0.114329E+01  0.124705E-01  0.417005E-01  0.000000E+00  0.129334E+03
  0.104058E+01  0.147363E+03  0.108172E+01  0.110442E-01 -0.102153E-01  0.000000E+00  0.122441E+03
  0.107585E+01  0.139493E+03  0.102374E+01  0.980160E-02  0.464431E-01  0.000000E+00  0.115902E+03
  0.111231E+01  0.132029E+03  0.968791E+00  0.866162E-02  0.208581E-01  0.000000E+00  0.109700E+03
  0.115002E+01  0.124950E+03  0.916751E+00  0.767608E-02  0.804370E-02  0.000000E+00  0.103819E+03
  0.118900E+01  0.118239E+03  0.866841E+00  0.679626E-02  0.169185E-01  0.000000E+00  0.982425E+02
  0.122930E+01  0.111877E+03  0.819403E+00  0.601676E-02  0.190072E-01  0.000000E+00  0.929557E+02
  0.127096E+01  0.105845E+03  0.774631E+00  0.532400E-02  0.337910E-01  0.000000E+00  0.879442E+02
  0.131404E+01  0.100128E+03  0.732711E+00  0.471221E-02 -0.240381E-01  0.000000E+00  0.831943E+02
  0.135858E+01  0.947112E+02  0.693204E+00  0.417120E-02  0.167595E-01  0.000000E+00  0.786933E+02
  0.140463E+01  0.895781E+02  0.655598E+00  0.369036E-02  0.190619E-01  0.000000E+00  0.744283E+02
  0.145224E+01  0.847147E+02  0.619703E+00  0.326535E-02 -0.154537E-01  0.000000E+00  0.703874E+02
  0.150147E+01  0.801068E+02  0.585742E+00  0.288960E-02  0.680775E-02  0.000000E+00  0.665588E+02
  0.155236E+01  0.757427E+02  0.553803E+00  0.255564E-02  0.901530E-02  0.000000E+00  0.629328E+02
  0.160498E+01  0.716097E+02  0.523532E+00  0.226050E-02  0.176904E-02  0.000000E+00  0.594987E+02
  0.165938E+01  0.676961E+02  0.494646E+00  0.199989E-02  0.987770E-02  0.000000E+00  0.562469E+02
  0.171562E+01  0.639905E+02  0.467304E+00  0.176861E-02  0.167726E-03  0.000000E+00  0.531681E+02
  0.177377E+01  0.604823E+02  0.441681E+00  0.156412E-02  0.178429E-01  0.000000E+00  0.502532E+02
  0.183390E+01  0.571616E+02  0.417505E+00  0.138276E-02  0.685584E-02  0.000000E+00  0.474941E+02
  0.189606E+01  0.540182E+02  0.394468E+00  0.122260E-02  0.121046E-01  0.000000E+00  0.448823E+02
  0.196032E+01  0.510433E+02  0.372682E+00  0.108096E-02  0.663493E-02  0.000000E+00  0.424105E+02
  0.202677E+01  0.482279E+02  0.352149E+00  0.955538E-03  0.281477E-02  0.000000E+00  0.400713E+02
  0.209547E+01  0.455642E+02  0.332618E+00  0.844639E-03  0.702237E-02  0.000000E+00  0.378580E+02
  0.216649E+01  0.430439E+02  0.314081E+00  0.746560E-03  0.479264E-02  0.000000E+00  0.357640E+02
  0.223993E+01  0.406600E+02  0.296664E+00  0.659778E-03  0.547875E-02  0.000000E+00  0.337832E+02
  0.231585E+01  0.384049E+02  0.280199E+00  0.583092E-03  0.540638E-02  0.000000E+00  0.319096E+02
  0.239434E+01  0.362721E+02  0.264617E+00  0.515241E-03  0.278387E-02  0.000000E+00  0.301375E+02
  0.247550E+01  0.342550E+02  0.249936E+00  0.455301E-03  0.456936E-02  0.000000E+00  0.284615E+02
  0.255941E+01  0.323475E+02  0.236007E+00  0.402246E-03 -0.163843E-02  0.000000E+00  0.268766E+02
  0.264616E+01  0.305438E+02  0.222803E+00  0.355350E-03  0.461041E-03  0.000000E+00  0.253780E+02
  0.273585E+01  0.288387E+02  0.210333E+00  0.313916E-03  0.650796E-02  0.000000E+00  0.239612E+02
  0.282858E+01  0.272268E+02  0.198535E+00  0.277293E-03  0.732572E-03  0.000000E+00  0.226220E+02
  0.292446E+01  0.257031E+02  0.187425E+00  0.244908E-03  0.224533E-03  0.000000E+00  0.213560E+02
  0.302358E+01  0.242629E+02  0.176935E+00  0.216306E-03  0.321618E-02  0.000000E+00  0.201594E+02
  0.312607E+01  0.229017E+02  0.167019E+00  0.191026E-03  0.142647E-02  0.000000E+00  0.190284E+02
  0.323203E+01  0.216154E+02  0.157631E+00  0.168671E-03  0.587868E-03  0.000000E+00  0.179596E+02
  0.334158E+01  0.203999E+02  0.148742E+00  0.148938E-03 -0.964145E-03  0.000000E+00  0.169497E+02
  0.345484E+01  0.192516E+02  0.140348E+00  0.131511E-03 -0.384539E-03  0.000000E+00  0.159956E+02
  0.357194E+01  0.181666E+02  0.132435E+00  0.116102E-03  0.929361E-03  0.000000E+00  0.150941E+02
  0.369301E+01  0.171417E+02  0.124972E+00  0.102501E-03  0.186554E-02  0.000000E+00  0.142426E+02
  0.381819E+01  0.161735E+02  0.117922E+00  0.904825E-04  0.819580E-03  0.000000E+00  0.134381E+02
  0.394761E+01  0.152590E+02  0.111248E+00  0.798704E-04  0.102712E-03  0.000000E+00  0.126783E+02
  0.408141E+01  0.143953E+02  0.104937E+00  0.704957E-04  0.107372E-02  0.000000E+00  0.119606E+02
  0.421975E+01  0.135797E+02  0.989811E-01  0.622190E-04  0.547155E-03  0.000000E+00  0.112829E+02
  0.436278E+01  0.128094E+02  0.933710E-01  0.549101E-04  0.269919E-03  0.000000E+00  0.106430E+02
  0.451066E+01  0.120822E+02  0.880771E-01  0.484563E-04  0.480496E-03  0.000000E+00  0.100387E+02
  0.466355E+01  0.113955E+02  0.830726E-01  0.427572E-04  0.795247E-03  0.000000E+00  0.946816E+01
  0.482162E+01  0.107471E+02  0.783373E-01  0.377261E-04  0.196048E-04  0.000000E+00  0.892949E+01
  0.498505E+01  0.101352E+02  0.738696E-01  0.332869E-04 -0.216003E-03  0.000000E+00  0.842101E+01
  0.515402E+01  0.955746E+01  0.696608E-01  0.293678E-04  0.466690E-03  0.000000E+00  0.794102E+01
  0.532871E+01  0.901218E+01  0.656932E-01  0.259094E-04  0.267022E-03  0.000000E+00  0.748796E+01
  0.550933E+01  0.849748E+01  0.619416E-01  0.228547E-04  0.190629E-03  0.000000E+00  0.706032E+01
  0.569607E+01  0.801176E+01  0.583946E-01  0.201611E-04 -0.524355E-04  0.000000E+00  0.665674E+01
  0.588914E+01  0.755339E+01  0.550502E-01  0.177832E-04  0.182177E-04  0.000000E+00  0.627590E+01
  0.608875E+01  0.712086E+01  0.519011E-01  0.156848E-04 -0.396447E-04  0.000000E+00  0.591652E+01
  0.629513E+01  0.671271E+01  0.489302E-01  0.138335E-04  0.256580E-03  0.000000E+00  0.557740E+01
  0.650850E+01  0.632763E+01  0.461211E-01  0.121999E-04  0.307599E-04  0.000000E+00  0.525745E+01
  0.672911E+01  0.596433E+01  0.434687E-01  0.107587E-04 -0.101550E-03  0.000000E+00  0.495559E+01
  0.695719E+01  0.562162E+01  0.409722E-01  0.948725E-05  0.114525E-03  0.000000E+00  0.467084E+01
  0.719301E+01  0.529831E+01  0.386190E-01  0.836554E-05  0.595500E-04  0.000000E+00  0.440221E+01
  0.743682E+01  0.499332E+01  0.363953E-01  0.737598E-05  0.402065E-05  0.000000E+00  0.414881E+01
  0.768889E+01  0.470568E+01  0.342958E-01  0.650337E-05 -0.107706E-03  0.000000E+00  0.390982E+01
  0.794951E+01  0.443439E+01  0.323190E-01  0.573355E-05 -0.670229E-05  0.000000E+00  0.368441E+01
  0.821895E+01  0.417854E+01  0.304570E-01  0.505465E-05  0.933390E-04  0.000000E+00  0.347183E+01
  0.849754E+01  0.393724E+01  0.286974E-01  0.445591E-05 -0.241725E-04  0.000000E+00  0.327134E+01
  0.878556E+01  0.370971E+01  0.270369E-01  0.392792E-05  0.145264E-04  0.000000E+00  0.308229E+01
  0.908335E+01  0.349517E+01  0.254743E-01  0.346242E-05 -0.554575E-04  0.000000E+00  0.290404E+01
  0.939123E+01  0.329288E+01  0.240016E-01  0.305184E-05  0.162702E-03  0.000000E+00  0.273596E+01
  0.970955E+01  0.310215E+01  0.226098E-01  0.268981E-05 -0.271003E-05  0.000000E+00  0.257749E+01
  0.100386E+02  0.292235E+01  0.212988E-01  0.237065E-05  0.651390E-04  0.000000E+00  0.242809E+01
  0.103789E+02  0.275283E+01  0.200650E-01  0.208924E-05  0.416327E-04  0.000000E+00  0.228725E+01
  0.107307E+02  0.259304E+01  0.189002E-01  0.184119E-05  0.110939E-03  0.000000E+00  0.215448E+01
  0.110944E+02  0.244241E+01  0.178011E-01  0.162249E-05 -0.580367E-04  0.000000E+00  0.202933E+01
  0.114705E+02  0.230044E+01  0.167671E-01  0.142971E-05  0.725077E-05  0.000000E+00  0.191137E+01
  0.118593E+02  0.216662E+01  0.157924E-01  0.125980E-05 -0.390044E-04  0.000000E+00  0.180018E+01
  0.122612E+02  0.204049E+01  0.148720E-01  0.111000E-05  0.168981E-04  0.000000E+00  0.169539E+01
  0.126768E+02  0.192164E+01  0.140062E-01  0.977992E-06 -0.145249E-04  0.000000E+00  0.159664E+01
  0.131065E+02  0.180963E+01  0.131904E-01  0.861637E-06 -0.173391E-04  0.000000E+00  0.150357E+01
  0.135508E+02  0.170408E+01  0.124204E-01  0.759102E-06 -0.381624E-04  0.000000E+00  0.141587E+01
  0.140101E+02  0.160462E+01  0.116958E-01  0.668742E-06  0.235535E-04  0.000000E+00  0.133323E+01
  0.144849E+02  0.151091E+01  0.110132E-01  0.589105E-06 -0.196706E-04  0.000000E+00  0.125537E+01
  0.149759E+02  0.142261E+01  0.103689E-01  0.518937E-06  0.697048E-05  0.000000E+00  0.118200E+01
  0.154835E+02  0.133942E+01  0.976295E-02  0.457109E-06 -0.308682E-05  0.000000E+00  0.111289E+01
  0.160083E+02  0.126104E+01  0.919190E-02  0.402625E-06  0.216854E-05  0.000000E+00  0.104777E+01
  0.165509E+02  0.118721E+01  0.865333E-02  0.354626E-06  0.895876E-05  0.000000E+00  0.986421E+00
  0.171119E+02  0.111766E+01  0.814684E-02  0.312338E-06 -0.386931E-05  0.000000E+00  0.928632E+00
  0.176919E+02  0.105214E+01  0.766916E-02  0.275081E-06 -0.126222E-04  0.000000E+00  0.874195E+00
  0.182916E+02  0.990430E+00  0.721922E-02  0.242256E-06  0.214121E-04  0.000000E+00  0.822920E+00
  0.189116E+02  0.932302E+00  0.679585E-02  0.213344E-06  0.177572E-04  0.000000E+00  0.774624E+00
  0.195526E+02  0.877553E+00  0.639648E-02  0.187874E-06  0.281902E-04  0.000000E+00  0.729134E+00
  0.202154E+02  0.825991E+00  0.602087E-02  0.165440E-06  0.550129E-05  0.000000E+00  0.686292E+00
  0.209006E+02  0.777430E+00  0.566686E-02  0.145679E-06 -0.151715E-06  0.000000E+00  0.645945E+00
  0.216090E+02  0.731699E+00  0.533348E-02  0.128274E-06 -0.108768E-04  0.000000E+00  0.607948E+00
  0.223414E+02  0.688634E+00  0.501974E-02  0.112943E-06 -0.106400E-04  0.000000E+00  0.572167E+00
  0.230987E+02  0.648081E+00  0.472398E-02  0.994422E-07 -0.667588E-05  0.000000E+00  0.538472E+00
  0.238816E+02  0.609897E+00  0.444585E-02  0.875521E-07 -0.839514E-05  0.000000E+00  0.506746E+00
  0.246911E+02  0.573939E+00  0.418360E-02  0.770793E-07  0.128797E-04  0.000000E+00  0.476870E+00
  0.255280E+02  0.540087E+00  0.393699E-02  0.678591E-07  0.704676E-05  0.000000E+00  0.448743E+00
  0.263933E+02  0.508213E+00  0.370456E-02  0.597391E-07 -0.939897E-05  0.000000E+00  0.422260E+00
  0.272879E+02  0.478207E+00  0.348591E-02  0.525886E-07  0.110515E-04  0.000000E+00  0.397328E+00
  0.282128E+02  0.449955E+00  0.327994E-02  0.462928E-07 -0.270823E-05  0.000000E+00  0.373855E+00
  0.291691E+02  0.423361E+00  0.308613E-02  0.407498E-07 -0.108179E-04  0.000000E+00  0.351759E+00
  0.301578E+02  0.398325E+00  0.290361E-02  0.358687E-07 -0.690076E-06  0.000000E+00  0.330957E+00
  0.311800E+02  0.374759E+00  0.273186E-02  0.315715E-07 -0.433332E-05  0.000000E+00  0.311376E+00
  0.322368E+02  0.352575E+00  0.257012E-02  0.277883E-07 -0.890831E-05  0.000000E+00  0.292944E+00
  0.333295E+02  0.331694E+00  0.241796E-02  0.244573E-07  0.637676E-05  0.000000E+00  0.275595E+00
  0.344592E+02  0.312041E+00  0.227465E-02  0.215255E-07 -0.615854E-05  0.000000E+00  0.259266E+00
  0.356272E+02  0.293543E+00  0.213987E-02  0.189443E-07 -0.724359E-05  0.000000E+00  0.243897E+00
  0.368348E+02  0.276134E+00  0.201291E-02  0.166719E-07  0.733586E-05  0.000000E+00  0.229432E+00
  0.380833E+02  0.259749E+00  0.189352E-02  0.146720E-07 -0.237746E-05  0.000000E+00  0.215818E+00
  0.393741E+02  0.244330E+00  0.178109E-02  0.129114E-07  0.598830E-05  0.000000E+00  0.203007E+00
  0.407088E+02  0.229819E+00  0.167533E-02  0.113619E-07 -0.461700E-05  0.000000E+00  0.190950E+00
  0.420886E+02  0.216165E+00  0.157579E-02  0.999792E-08  0.321755E-05  0.000000E+00  0.179605E+00
  0.435152E+02  0.203315E+00  0.148211E-02  0.879749E-08 -0.180917E-05  0.000000E+00  0.168929E+00
  0.449901E+02  0.191224E+00  0.139400E-02  0.774093E-08  0.183627E-05  0.000000E+00  0.158883E+00
  0.465151E+02  0.179847E+00  0.131104E-02  0.681114E-08 -0.421829E-05  0.000000E+00  0.149430E+00
  0.480917E+02  0.169142E+00  0.123301E-02  0.599282E-08 -0.289798E-05  0.000000E+00  0.140535E+00
  0.497218E+02  0.159070E+00  0.115960E-02  0.527263E-08  0.173433E-05  0.000000E+00  0.132167E+00
  0.514071E+02  0.149594E+00  0.109051E-02  0.463889E-08  0.315250E-05  0.000000E+00  0.124293E+00
  0.531495E+02  0.140678E+00  0.102553E-02  0.408126E-08 -0.408024E-05  0.000000E+00  0.116886E+00
  0.549511E+02  0.132291E+00  0.964383E-03  0.359049E-08  0.419344E-06  0.000000E+00  0.109917E+00
  0.568136E+02  0.124400E+00  0.906848E-03  0.315867E-08  0.365457E-05  0.000000E+00  0.103360E+00
  0.587394E+02  0.116977E+00  0.852738E-03  0.277872E-08  0.344859E-05  0.000000E+00  0.971927E-01
  0.607303E+02  0.109994E+00  0.801840E-03  0.244441E-08  0.294736E-05  0.000000E+00  0.913909E-01
  0.627888E+02  0.103425E+00  0.753944E-03  0.215030E-08 -0.322229E-05  0.000000E+00  0.859330E-01
  0.649170E+02  0.972463E-01  0.708900E-03  0.189150E-08 -0.232572E-05  0.000000E+00  0.807992E-01
  0.671174E+02  0.914342E-01  0.666536E-03  0.166379E-08 -0.237392E-06  0.000000E+00  0.759700E-01
  0.693923E+02  0.859674E-01  0.626683E-03  0.146348E-08 -0.200657E-05  0.000000E+00  0.714279E-01
  0.717444E+02  0.808254E-01  0.589192E-03  0.128722E-08  0.150273E-05  0.000000E+00  0.671555E-01
  0.741761E+02  0.759893E-01  0.553934E-03  0.113220E-08 -0.200130E-05  0.000000E+00  0.631373E-01
  0.766904E+02  0.714406E-01  0.520776E-03  0.995804E-09 -0.226270E-05  0.000000E+00  0.593580E-01
  0.792898E+02  0.671628E-01  0.489591E-03  0.875821E-09 -0.201963E-05  0.000000E+00  0.558037E-01
  0.819773E+02  0.631396E-01  0.460260E-03  0.770275E-09 -0.202195E-05  0.000000E+00  0.524609E-01
  0.847559E+02  0.593560E-01  0.432674E-03  0.677433E-09 -0.191605E-05  0.000000E+00  0.493172E-01
  0.876288E+02  0.557978E-01  0.406732E-03  0.595755E-09  0.185125E-05  0.000000E+00  0.463608E-01
  0.905989E+02  0.524518E-01  0.382338E-03  0.523932E-09 -0.152030E-05  0.000000E+00  0.435807E-01
  0.936699E+02  0.493051E-01  0.359398E-03  0.460743E-09  0.269234E-07  0.000000E+00  0.409662E-01
  0.968448E+02  0.463462E-01  0.337827E-03  0.405172E-09 -0.172213E-05  0.000000E+00  0.385077E-01
  0.100127E+03  0.435640E-01  0.317544E-03  0.356290E-09  0.644331E-06  0.000000E+00  0.361961E-01
  0.103521E+03  0.409479E-01  0.298471E-03  0.313299E-09  0.167531E-05  0.000000E+00  0.340225E-01
  0.107030E+03  0.384879E-01  0.280536E-03  0.275489E-09  0.118480E-05  0.000000E+00  0.319785E-01
  0.110658E+03  0.361751E-01  0.263674E-03  0.242242E-09 -0.498896E-06  0.000000E+00  0.300569E-01
  0.114409E+03  0.340005E-01  0.247819E-03  0.213000E-09 -0.476587E-06  0.000000E+00  0.282501E-01
  0.118286E+03  0.319560E-01  0.232913E-03  0.187283E-09 -0.127311E-05  0.000000E+00  0.265513E-01
  0.122296E+03  0.300336E-01  0.218897E-03  0.164666E-09 -0.512836E-06  0.000000E+00  0.249541E-01
  0.126441E+03  0.282264E-01  0.205721E-03  0.144779E-09 -0.115217E-05  0.000000E+00  0.234525E-01
  0.130727E+03  0.265274E-01  0.193333E-03  0.127289E-09 -0.173031E-06  0.000000E+00  0.220409E-01
  0.135158E+03  0.249302E-01  0.181688E-03  0.111909E-09  0.107653E-05  0.000000E+00  0.207138E-01
  0.139739E+03  0.234285E-01  0.170739E-03  0.983868E-10  0.100754E-06  0.000000E+00  0.194661E-01
  0.144475E+03  0.220170E-01  0.160447E-03  0.864954E-10  0.761216E-06  0.000000E+00  0.182933E-01
  0.149372E+03  0.206900E-01  0.150772E-03  0.760418E-10 -0.957983E-06  0.000000E+00  0.171907E-01
  0.154436E+03  0.194426E-01  0.141677E-03  0.668473E-10  0.393878E-06  0.000000E+00  0.161543E-01
  0.159670E+03  0.182701E-01  0.133128E-03  0.587639E-10  0.852151E-06  0.000000E+00  0.151801E-01
  0.165082E+03  0.171680E-01  0.125092E-03  0.516578E-10  0.767974E-07  0.000000E+00  0.142644E-01
  0.170677E+03  0.161320E-01  0.117539E-03  0.454099E-10  0.676726E-07  0.000000E+00  0.134036E-01
  0.176463E+03  0.151582E-01  0.110439E-03  0.399162E-10  0.187406E-06  0.000000E+00  0.125945E-01
  0.182444E+03  0.142430E-01  0.103765E-03  0.350871E-10 -0.685747E-06  0.000000E+00  0.118341E-01
  0.188628E+03  0.133828E-01  0.974926E-04  0.308405E-10  0.299833E-06  0.000000E+00  0.111194E-01
  0.195021E+03  0.125742E-01  0.915973E-04  0.271077E-10  0.626824E-06  0.000000E+00  0.104476E-01
  0.201632E+03  0.118143E-01  0.860562E-04  0.238264E-10 -0.117437E-06  0.000000E+00  0.981616E-02
  0.208466E+03  0.111001E-01  0.808487E-04  0.209416E-10  0.169273E-06  0.000000E+00  0.922278E-02
  0.215532E+03  0.104290E-01  0.759547E-04  0.184056E-10  0.508430E-06  0.000000E+00  0.866511E-02
  0.222837E+03  0.979818E-02  0.713552E-04  0.161765E-10  0.415549E-06  0.000000E+00  0.814102E-02
  0.230391E+03  0.920535E-02  0.670323E-04  0.142173E-10 -0.316774E-06  0.000000E+00  0.764845E-02
  0.238200E+03  0.864827E-02  0.629702E-04  0.124946E-10  0.389354E-06  0.000000E+00  0.718559E-02
  0.246273E+03  0.812476E-02  0.591527E-04  0.109807E-10 -0.318697E-07  0.000000E+00  0.675062E-02
  0.254621E+03  0.763278E-02  0.555652E-04  0.964978E-11  0.397347E-06  0.000000E+00  0.634184E-02
  0.263252E+03  0.717049E-02  0.521940E-04  0.848029E-11 -0.275734E-06  0.000000E+00  0.595774E-02
  0.272174E+03  0.673608E-02  0.490263E-04  0.745216E-11  0.657620E-07  0.000000E+00  0.559680E-02
  0.281400E+03  0.632788E-02  0.460495E-04  0.654864E-11 -0.330219E-06  0.000000E+00  0.525764E-02
  0.290938E+03  0.594429E-02  0.432523E-04  0.575425E-11  0.322947E-06  0.000000E+00  0.493893E-02
  0.300799E+03  0.558389E-02  0.406240E-04  0.505642E-11 -0.300954E-06  0.000000E+00  0.463948E-02
  0.310995E+03  0.524524E-02  0.381545E-04  0.444297E-11 -0.284948E-06  0.000000E+00  0.435811E-02
  0.321536E+03  0.492706E-02  0.358341E-04  0.390379E-11 -0.262306E-07  0.000000E+00  0.409374E-02
  0.332435E+03  0.462808E-02  0.336537E-04  0.343000E-11 -0.772784E-07  0.000000E+00  0.384532E-02
  0.343702E+03  0.434719E-02  0.316052E-04  0.301360E-11  0.230253E-06  0.000000E+00  0.361194E-02
  0.355352E+03  0.408328E-02  0.296805E-04  0.264778E-11 -0.100921E-06  0.000000E+00  0.339266E-02
  0.367397E+03  0.383533E-02  0.278722E-04  0.232619E-11  0.193944E-06  0.000000E+00  0.318665E-02
  0.379850E+03  0.360236E-02  0.261732E-04  0.204363E-11  0.115773E-06  0.000000E+00  0.299309E-02
  0.392725E+03  0.338350E-02  0.245769E-04  0.179538E-11  0.747132E-07  0.000000E+00  0.281124E-02
  0.406036E+03  0.317789E-02  0.230773E-04  0.157723E-11 -0.150153E-06  0.000000E+00  0.264040E-02
  0.419799E+03  0.298472E-02  0.216684E-04  0.138553E-11 -0.167841E-06  0.000000E+00  0.247990E-02
  0.434028E+03  0.280325E-02  0.203449E-04  0.121709E-11 -0.158571E-06  0.000000E+00  0.232913E-02
  0.448740E+03  0.263278E-02  0.191015E-04  0.106907E-11  0.151820E-06  0.000000E+00  0.218749E-02
  0.463949E+03  0.247264E-02  0.179334E-04  0.939073E-12 -0.141046E-06  0.000000E+00  0.205443E-02
  0.479676E+03  0.232220E-02  0.168361E-04  0.824812E-12  0.320524E-07  0.000000E+00  0.192943E-02
  0.495934E+03  0.218088E-02  0.158053E-04  0.724435E-12  0.706143E-08  0.000000E+00  0.181202E-02
  0.512744E+03  0.204813E-02  0.148370E-04  0.636272E-12 -0.113165E-06  0.000000E+00  0.170172E-02
  0.530123E+03  0.192344E-02  0.139273E-04  0.558797E-12 -0.789984E-07  0.000000E+00  0.159811E-02
  0.548092E+03  0.180630E-02  0.130729E-04  0.490738E-12 -0.794430E-07  0.000000E+00  0.150079E-02
  0.566670E+03  0.169628E-02  0.122703E-04  0.430946E-12  0.336940E-07  0.000000E+00  0.140938E-02
  0.585877E+03  0.159294E-02  0.115163E-04  0.378440E-12 -0.883698E-07  0.000000E+00  0.132351E-02
  0.605735E+03  0.149587E-02  0.108082E-04  0.332297E-12  0.207314E-07  0.000000E+00  0.124286E-02
  0.626267E+03  0.140469E-02  0.101430E-04  0.291773E-12  0.796091E-07  0.000000E+00  0.116710E-02
  0.647494E+03  0.131906E-02  0.951819E-05  0.256185E-12 -0.751068E-07  0.000000E+00  0.109595E-02
  0.669441E+03  0.123862E-02  0.893136E-05  0.224923E-12 -0.721925E-07  0.000000E+00  0.102912E-02
  0.692132E+03  0.116308E-02  0.838014E-05  0.197456E-12  0.308830E-07  0.000000E+00  0.966350E-03
  0.715592E+03  0.109213E-02  0.786244E-05  0.173340E-12  0.593034E-07  0.000000E+00  0.907399E-03
  0.739846E+03  0.102549E-02  0.737620E-05  0.152161E-12  0.195148E-07  0.000000E+00  0.852033E-03
  0.764923E+03  0.962905E-03  0.691952E-05  0.133565E-12 -0.583963E-07  0.000000E+00  0.800033E-03
  0.790852E+03  0.904122E-03  0.649056E-05  0.117228E-12  0.343280E-07  0.000000E+00  0.751192E-03
  0.817657E+03  0.848922E-03  0.608772E-05  0.102883E-12 -0.328114E-08  0.000000E+00  0.705328E-03
  0.845371E+03  0.797081E-03  0.570939E-05  0.902896E-13  0.713809E-08  0.000000E+00  0.662255E-03
  0.874025E+03  0.748396E-03  0.535408E-05  0.792302E-13 -0.441065E-07  0.000000E+00  0.621804E-03
  0.903651E+03  0.702673E-03  0.502037E-05  0.695190E-13 -0.360052E-07  0.000000E+00  0.583814E-03
  0.934280E+03  0.659737E-03  0.470699E-05  0.609944E-13 -0.234693E-07  0.000000E+00  0.548139E-03
  0.965947E+03  0.619417E-03  0.441269E-05  0.535092E-13 -0.379224E-07  0.000000E+00  0.514638E-03
  0.998688E+03  0.581553E-03  0.413632E-05  0.469373E-13  0.369264E-07  0.000000E+00  0.483178E-03
  0.103254E+04  0.545995E-03  0.387676E-05  0.411705E-13 -0.340327E-07  0.000000E+00  0.453634E-03
  0.106754E+04  0.512607E-03  0.363303E-05  0.361066E-13 -0.140705E-07  0.000000E+00  0.425893E-03
  0.110372E+04  0.481254E-03  0.340415E-05  0.316635E-13 -0.111982E-07  0.000000E+00  0.399842E-03
  0.114113E+04  0.451811E-03  0.318921E-05  0.277619E-13  0.230385E-07  0.000000E+00  0.375379E-03
  0.117981E+04  0.424166E-03  0.298740E-05  0.243398E-13  0.156951E-07  0.000000E+00  0.352410E-03
  0.121980E+04  0.398208E-03  0.279789E-05  0.213363E-13 -0.248986E-07  0.000000E+00  0.330842E-03
  0.126115E+04  0.373833E-03  0.261994E-05  0.187007E-13 -0.229365E-07  0.000000E+00  0.310590E-03
  0.130389E+04  0.350945E-03  0.245285E-05  0.163882E-13 -0.228558E-07  0.000000E+00  0.291573E-03
  0.134809E+04  0.329456E-03  0.229597E-05  0.143589E-13  0.214056E-07  0.000000E+00  0.273718E-03
  0.139378E+04  0.309279E-03  0.214867E-05  0.125796E-13  0.108438E-07  0.000000E+00  0.256953E-03
  0.144102E+04  0.290334E-03  0.201037E-05  0.110187E-13 -0.118726E-07  0.000000E+00  0.241212E-03
  0.148987E+04  0.272545E-03  0.188052E-05  0.964922E-14 -0.100265E-07  0.000000E+00  0.226432E-03
  0.154037E+04  0.255844E-03  0.175861E-05  0.844882E-14 -0.120105E-07  0.000000E+00  0.212555E-03
  0.159258E+04  0.240163E-03  0.164417E-05  0.739590E-14 -0.155917E-07  0.000000E+00  0.199527E-03
  0.164656E+04  0.225441E-03  0.153674E-05  0.647278E-14  0.115247E-07  0.000000E+00  0.187295E-03
  0.170237E+04  0.211619E-03  0.143589E-05  0.566347E-14  0.137105E-07  0.000000E+00  0.175810E-03
  0.176007E+04  0.198642E-03  0.134123E-05  0.495446E-14  0.354142E-08  0.000000E+00  0.165028E-03
  0.181973E+04  0.186459E-03  0.125238E-05  0.433292E-14 -0.122898E-07  0.000000E+00  0.154905E-03
  0.188141E+04  0.175020E-03  0.116899E-05  0.378829E-14 -0.113837E-07  0.000000E+00  0.145401E-03
  0.194518E+04  0.164282E-03  0.109073E-05  0.331108E-14  0.104711E-07  0.000000E+00  0.136479E-03
  0.201111E+04  0.154201E-03  0.101729E-05  0.289320E-14 -0.804238E-08  0.000000E+00  0.128103E-03
  0.207928E+04  0.144737E-03  0.948384E-06  0.252718E-14 -0.341686E-08  0.000000E+00  0.120240E-03
  0.214976E+04  0.135852E-03  0.883728E-06  0.220679E-14 -0.828114E-08  0.000000E+00  0.112858E-03
  0.222262E+04  0.127512E-03  0.823077E-06  0.192623E-14  0.430087E-08  0.000000E+00  0.105928E-03
  0.229796E+04  0.119682E-03  0.766186E-06  0.168082E-14 -0.723998E-08  0.000000E+00  0.994222E-04
  0.237585E+04  0.112332E-03  0.712830E-06  0.146600E-14  0.646263E-08  0.000000E+00  0.933151E-04
  0.245638E+04  0.105431E-03  0.662795E-06  0.127814E-14  0.465512E-09  0.000000E+00  0.875819E-04
  0.253964E+04  0.989542E-04  0.615887E-06  0.111395E-14 -0.372385E-08  0.000000E+00  0.822002E-04
  0.262572E+04  0.928739E-04  0.571919E-06  0.970343E-15 -0.370115E-08  0.000000E+00  0.771484E-04
  0.271471E+04  0.871664E-04  0.530714E-06  0.844830E-15 -0.572886E-08  0.000000E+00  0.724062E-04
  0.280673E+04  0.818085E-04  0.492108E-06  0.735212E-15  0.146191E-09  0.000000E+00  0.679546E-04
  0.290187E+04  0.767794E-04  0.455951E-06  0.639477E-15 -0.441391E-08  0.000000E+00  0.637761E-04
  0.300022E+04  0.720587E-04  0.422096E-06  0.555915E-15  0.139869E-09  0.000000E+00  0.598539E-04
  0.310192E+04  0.676271E-04  0.390404E-06  0.482955E-15  0.407697E-09  0.000000E+00  0.561719E-04
  0.320706E+04  0.634678E-04  0.360756E-06  0.419391E-15 -0.412957E-08  0.000000E+00  0.527162E-04
  0.331576E+04  0.595637E-04  0.333030E-06  0.363972E-15 -0.187585E-08  0.000000E+00  0.494726E-04
  0.342815E+04  0.558992E-04  0.307112E-06  0.315655E-15  0.355679E-08  0.000000E+00  0.464280E-04
  0.354435E+04  0.524595E-04  0.282898E-06  0.273604E-15  0.215851E-08  0.000000E+00  0.435701E-04
  0.366448E+04  0.492310E-04  0.260292E-06  0.236983E-15 -0.113505E-08  0.000000E+00  0.408879E-04
  0.378869E+04  0.462009E-04  0.239199E-06  0.205145E-15  0.223202E-08  0.000000E+00  0.383704E-04
  0.391711E+04  0.433568E-04  0.219533E-06  0.177476E-15  0.281681E-08  0.000000E+00  0.360075E-04
  0.404988E+04  0.406872E-04  0.201211E-06  0.153429E-15  0.185309E-08  0.000000E+00  0.337896E-04
  0.418715E+04  0.381818E-04  0.184160E-06  0.132566E-15  0.247625E-08  0.000000E+00  0.317081E-04
  0.432907E+04  0.358303E-04  0.168304E-06  0.114460E-15  0.197100E-08  0.000000E+00  0.297545E-04
  0.447581E+04  0.336233E-04  0.153576E-06  0.987793E-16  0.102045E-08  0.000000E+00  0.279210E-04
  0.462752E+04  0.315518E-04  0.139912E-06  0.851792E-16  0.185001E-08  0.000000E+00  0.262002E-04
  0.478437E+04  0.296078E-04  0.127251E-06  0.734210E-16  0.190007E-08  0.000000E+00  0.245852E-04
  0.494653E+04  0.277833E-04  0.115536E-06  0.632549E-16  0.111911E-08  0.000000E+00  0.230695E-04
  0.511420E+04  0.260709E-04  0.104711E-06  0.544602E-16  0.832031E-09  0.000000E+00  0.216470E-04
  0.528755E+04  0.244639E-04  0.947260E-07  0.468831E-16 -0.103145E-08  0.000000E+00  0.203121E-04
  0.546677E+04  0.229557E-04  0.855311E-07  0.403336E-16  0.551871E-09  0.000000E+00  0.190593E-04
  0.565206E+04  0.215403E-04  0.770794E-07  0.347019E-16 -0.930556E-09  0.000000E+00  0.178836E-04
  0.584365E+04  0.202120E-04  0.693255E-07  0.298424E-16 -0.103186E-08  0.000000E+00  0.167803E-04
  0.604171E+04  0.189654E-04  0.622274E-07  0.256653E-16  0.118234E-08  0.000000E+00  0.157449E-04
  0.624650E+04  0.177955E-04  0.557435E-07  0.220736E-16 -0.100440E-08  0.000000E+00  0.147732E-04
  0.645822E+04  0.166977E-04  0.498345E-07  0.189864E-16 -0.565521E-09  0.000000E+00  0.138614E-04
  0.667713E+04  0.156674E-04  0.444621E-07  0.163357E-16 -0.267023E-09  0.000000E+00  0.130057E-04
  0.690345E+04  0.147006E-04  0.395904E-07  0.140644E-16  0.548301E-10  0.000000E+00  0.122028E-04
  0.713744E+04  0.137933E-04  0.351838E-07  0.121123E-16 -0.430659E-10  0.000000E+00  0.114493E-04
  0.737936E+04  0.129419E-04  0.312087E-07  0.104349E-16  0.405311E-09  0.000000E+00  0.107423E-04
  0.762949E+04  0.121430E-04  0.276322E-07  0.900120E-17 -0.226864E-09  0.000000E+00  0.100789E-04
  0.788809E+04  0.113932E-04  0.244236E-07  0.776824E-17  0.604637E-09  0.000000E+00  0.945633E-05
  0.815546E+04  0.106897E-04  0.215527E-07  0.670992E-17  0.614881E-09  0.000000E+00  0.887218E-05
  0.843190E+04  0.100295E-04  0.189908E-07  0.580305E-17  0.571476E-09  0.000000E+00  0.832402E-05
  0.871769E+04  0.941005E-05  0.167110E-07  0.502347E-17  0.508831E-09  0.000000E+00  0.780970E-05
  0.901318E+04  0.882877E-05  0.146872E-07  0.435248E-17 -0.474998E-09  0.000000E+00  0.732711E-05
  0.931867E+04  0.828332E-05  0.128951E-07  0.377671E-17 -0.234238E-09  0.000000E+00  0.687429E-05
  0.963454E+04  0.777148E-05  0.113118E-07  0.327939E-17  0.442590E-09  0.000000E+00  0.644938E-05
  0.996110E+04  0.729123E-05  0.991589E-08  0.285065E-17  0.446599E-09  0.000000E+00  0.605071E-05
  0.102987E+05  0.684060E-05  0.868758E-08  0.248100E-17  0.229899E-09  0.000000E+00  0.567665E-05
  0.106478E+05  0.641778E-05  0.760852E-08  0.216012E-17 -0.173033E-09  0.000000E+00  0.532567E-05
  0.110087E+05  0.602101E-05  0.666188E-08  0.188344E-17 -0.369259E-09  0.000000E+00  0.499634E-05
  0.113819E+05  0.564875E-05  0.583249E-08  0.164335E-17 -0.289684E-09  0.000000E+00  0.468736E-05
  0.117676E+05  0.529946E-05  0.510645E-08  0.143453E-17 -0.324800E-09  0.000000E+00  0.439746E-05
  0.121665E+05  0.497173E-05  0.447132E-08  0.125322E-17  0.285079E-09  0.000000E+00  0.412546E-05
  0.125789E+05  0.466422E-05  0.391593E-08  0.109551E-17  0.157595E-09  0.000000E+00  0.387024E-05
  0.130053E+05  0.437570E-05  0.343042E-08  0.957536E-18 -0.161552E-09  0.000000E+00  0.363080E-05
  0.134461E+05  0.410500E-05  0.300599E-08  0.837664E-18 -0.198487E-09  0.000000E+00  0.340614E-05
  0.139018E+05  0.385101E-05  0.263486E-08  0.733339E-18 -0.720821E-10  0.000000E+00  0.319536E-05
  0.143730E+05  0.361271E-05  0.231026E-08  0.641876E-18  0.662082E-10  0.000000E+00  0.299760E-05
  0.148602E+05  0.338913E-05  0.202622E-08  0.561783E-18 -0.204714E-09  0.000000E+00  0.281207E-05
  0.153639E+05  0.317937E-05  0.177754E-08  0.491748E-18 -0.211775E-10  0.000000E+00  0.263800E-05
  0.158847E+05  0.298254E-05  0.155966E-08  0.430696E-18 -0.136799E-09  0.000000E+00  0.247467E-05
  0.164231E+05  0.279790E-05  0.136871E-08  0.377376E-18 -0.154822E-09  0.000000E+00  0.232145E-05
  0.169797E+05  0.262467E-05  0.120125E-08  0.330406E-18 -0.130436E-10  0.000000E+00  0.217771E-05
  0.175553E+05  0.246214E-05  0.105433E-08  0.289663E-18 -0.490084E-10  0.000000E+00  0.204285E-05
  0.181503E+05  0.230966E-05  0.925386E-09  0.253741E-18  0.124636E-09  0.000000E+00  0.191632E-05
  0.187655E+05  0.216660E-05  0.812211E-09  0.222216E-18  0.177216E-10  0.000000E+00  0.179762E-05
  0.194016E+05  0.203240E-05  0.712858E-09  0.194731E-18  0.538397E-10  0.000000E+00  0.168626E-05
  0.200592E+05  0.190649E-05  0.625640E-09  0.170770E-18  0.929499E-10  0.000000E+00  0.158179E-05
  0.207391E+05  0.178836E-05  0.549074E-09  0.149702E-18  0.484728E-10  0.000000E+00  0.148377E-05
  0.214421E+05  0.167755E-05  0.481869E-09  0.131124E-18  0.678344E-10  0.000000E+00  0.139183E-05
  0.221688E+05  0.157359E-05  0.422882E-09  0.115025E-18  0.556209E-10  0.000000E+00  0.130557E-05
  0.229203E+05  0.147606E-05  0.371108E-09  0.100771E-18  0.654110E-10  0.000000E+00  0.122465E-05
  0.236971E+05  0.138457E-05  0.325672E-09  0.883703E-19 -0.803075E-10  0.000000E+00  0.114873E-05
  0.245004E+05  0.129874E-05  0.285795E-09  0.774541E-19  0.462017E-10  0.000000E+00  0.107752E-05
  0.253308E+05  0.121822E-05  0.250799E-09  0.679293E-19 -0.655462E-10  0.000000E+00  0.101071E-05
  0.261894E+05  0.114268E-05  0.220085E-09  0.596116E-19  0.165981E-10  0.000000E+00  0.948039E-06
  0.270771E+05  0.107182E-05  0.193132E-09  0.522265E-19 -0.496648E-10  0.000000E+00  0.889248E-06
  0.279949E+05  0.100535E-05  0.169478E-09  0.458424E-19 -0.202399E-10  0.000000E+00  0.834098E-06
  0.289437E+05  0.942995E-06  0.148719E-09  0.401913E-19 -0.476179E-10  0.000000E+00  0.782362E-06
  0.299248E+05  0.884498E-06  0.130502E-09  0.352205E-19  0.266055E-10  0.000000E+00  0.733828E-06
  0.309391E+05  0.829627E-06  0.114515E-09  0.309202E-19  0.326536E-10  0.000000E+00  0.688302E-06
