  656
  0.101956E-04  0.244167E+06  0.244167E+06  0.325555E+06  0.325555E+06  0.000000E+00  0.244167E+06
  0.105412E-04  0.244167E+06  0.244167E+06  0.325555E+06  0.325555E+06  0.000000E+00  0.244167E+06
  0.108984E-04  0.244167E+06  0.244167E+06  0.325555E+06  0.325555E+06  0.000000E+00  0.244167E+06
  0.112678E-04  0.244167E+06  0.244167E+06  0.325555E+06  0.325555E+06  0.000000E+00  0.244167E+06
  0.116498E-04  0.244167E+06  0.244167E+06  0.325555E+06  0.325554E+06  0.000000E+00  0.244167E+06
  0.120446E-04  0.244167E+06  0.244167E+06  0.325554E+06  0.325554E+06  0.000000E+00  0.244167E+06
  0.124529E-04  0.244167E+06  0.244167E+06  0.325554E+06  0.325554E+06  0.000000E+00  0.244167E+06
  0.128750E-04  0.244167E+06  0.244167E+06  0.325554E+06  0.325554E+06  0.000000E+00  0.244167E+06
  0.133114E-04  0.244167E+06  0.244167E+06  0.325554E+06  0.325554E+06  0.000000E+00  0.244167E+06
  0.137626E-04  0.244167E+06  0.244167E+06  0.325554E+06  0.325554E+06  0.000000E+00  0.244167E+06
  0.142291E-04  0.244167E+06  0.244167E+06  0.325554E+06  0.325553E+06  0.000000E+00  0.244167E+06
  0.147114E-04  0.244167E+06  0.244167E+06  0.325553E+06  0.325553E+06  0.000000E+00  0.244167E+06
  0.152100E-04  0.244167E+06  0.244167E+06  0.325553E+06  0.325553E+06  0.000000E+00  0.244167E+06
  0.157255E-04  0.244167E+06  0.244167E+06  0.325553E+06  0.325553E+06  0.000000E+00  0.244167E+06
  0.162586E-04  0.244167E+06  0.244167E+06  0.325553E+06  0.325552E+06  0.000000E+00  0.244167E+06
  0.168097E-04  0.244167E+06  0.244167E+06  0.325552E+06  0.325552E+06  0.000000E+00  0.244167E+06
  0.173794E-04  0.244167E+06  0.244167E+06  0.325552E+06  0.325552E+06  0.000000E+00  0.244167E+06
  0.179685E-04  0.244167E+06  0.244167E+06  0.325552E+06  0.325551E+06  0.000000E+00  0.244167E+06
  0.185775E-04  0.244167E+06  0.244167E+06  0.325552E+06  0.325551E+06  0.000000E+00  0.244167E+06
  0.192072E-04  0.244167E+06  0.244167E+06  0.325551E+06  0.325551E+06  0.000000E+00  0.244167E+06
  0.198583E-04  0.244167E+06  0.244167E+06  0.325551E+06  0.325550E+06  0.000000E+00  0.244167E+06
  0.205314E-04  0.244167E+06  0.244167E+06  0.325550E+06  0.325550E+06  0.000000E+00  0.244167E+06
  0.212273E-04  0.244167E+06  0.244167E+06  0.325550E+06  0.325549E+06  0.000000E+00  0.244167E+06
  0.219468E-04  0.244167E+06  0.244167E+06  0.325549E+06  0.325549E+06  0.000000E+00  0.244167E+06
  0.226907E-04  0.244167E+06  0.244167E+06  0.325549E+06  0.325548E+06  0.000000E+00  0.244167E+06
  0.234598E-04  0.244167E+06  0.244167E+06  0.325548E+06  0.325548E+06  0.000000E+00  0.244167E+06
  0.242549E-04  0.244167E+06  0.244167E+06  0.325548E+06  0.325547E+06  0.000000E+00  0.244167E+06
  0.250771E-04  0.244167E+06  0.244167E+06  0.325547E+06  0.325546E+06  0.000000E+00  0.244167E+06
  0.259270E-04  0.244167E+06  0.244167E+06  0.325547E+06  0.325546E+06  0.000000E+00  0.244167E+06
  0.268058E-04  0.244167E+06  0.244167E+06  0.325546E+06  0.325545E+06  0.000000E+00  0.244167E+06
  0.277144E-04  0.244167E+06  0.244167E+06  0.325545E+06  0.325544E+06  0.000000E+00  0.244167E+06
  0.286538E-04  0.244167E+06  0.244167E+06  0.325544E+06  0.325543E+06  0.000000E+00  0.244167E+06
  0.296250E-04  0.244167E+06  0.244167E+06  0.325544E+06  0.325542E+06  0.000000E+00  0.244167E+06
  0.306292E-04  0.244167E+06  0.244167E+06  0.325543E+06  0.325541E+06  0.000000E+00  0.244167E+06
  0.316674E-04  0.244167E+06  0.244167E+06  0.325542E+06  0.325540E+06  0.000000E+00  0.244167E+06
  0.327407E-04  0.244167E+06  0.244167E+06  0.325541E+06  0.325539E+06  0.000000E+00  0.244167E+06
  0.338505E-04  0.244167E+06  0.244167E+06  0.325540E+06  0.325538E+06  0.000000E+00  0.244167E+06
  0.349979E-04  0.244167E+06  0.244167E+06  0.325538E+06  0.325536E+06  0.000000E+00  0.244167E+06
  0.361841E-04  0.244167E+06  0.244167E+06  0.325537E+06  0.325535E+06  0.000000E+00  0.244167E+06
  0.374106E-04  0.244167E+06  0.244166E+06  0.325536E+06  0.325533E+06  0.000000E+00  0.244167E+06
  0.386786E-04  0.244166E+06  0.244166E+06  0.325534E+06  0.325532E+06  0.000000E+00  0.244166E+06
  0.399896E-04  0.244166E+06  0.244166E+06  0.325533E+06  0.325530E+06  0.000000E+00  0.244166E+06
  0.413451E-04  0.244166E+06  0.244166E+06  0.325531E+06  0.325528E+06  0.000000E+00  0.244166E+06
  0.427465E-04  0.244166E+06  0.244166E+06  0.325529E+06  0.325526E+06  0.000000E+00  0.244166E+06
  0.441954E-04  0.244166E+06  0.244166E+06  0.325527E+06  0.325524E+06  0.000000E+00  0.244166E+06
  0.456934E-04  0.244166E+06  0.244166E+06  0.325525E+06  0.325522E+06  0.000000E+00  0.244166E+06
  0.472422E-04  0.244166E+06  0.244166E+06  0.325523E+06  0.325520E+06  0.000000E+00  0.244166E+06
  0.488434E-04  0.244166E+06  0.244166E+06  0.325521E+06  0.325517E+06  0.000000E+00  0.244166E+06
  0.504990E-04  0.244166E+06  0.244166E+06  0.325519E+06  0.325514E+06  0.000000E+00  0.244166E+06
  0.522107E-04  0.244166E+06  0.244165E+06  0.325516E+06  0.325511E+06  0.000000E+00  0.244166E+06
  0.539803E-04  0.244166E+06  0.244165E+06  0.325513E+06  0.325508E+06  0.000000E+00  0.244166E+06
  0.558100E-04  0.244165E+06  0.244165E+06  0.325510E+06  0.325505E+06  0.000000E+00  0.244165E+06
  0.577017E-04  0.244165E+06  0.244165E+06  0.325507E+06  0.325501E+06  0.000000E+00  0.244165E+06
  0.596575E-04  0.244165E+06  0.244165E+06  0.325503E+06  0.325498E+06  0.000000E+00  0.244165E+06
  0.616796E-04  0.244165E+06  0.244165E+06  0.325500E+06  0.325493E+06  0.000000E+00  0.244165E+06
  0.637702E-04  0.244165E+06  0.244164E+06  0.325496E+06  0.325489E+06  0.000000E+00  0.244165E+06
  0.659317E-04  0.244165E+06  0.244164E+06  0.325492E+06  0.325484E+06  0.000000E+00  0.244165E+06
  0.681665E-04  0.244164E+06  0.244164E+06  0.325487E+06  0.325479E+06  0.000000E+00  0.244164E+06
  0.704770E-04  0.244164E+06  0.244164E+06  0.325482E+06  0.325474E+06  0.000000E+00  0.244164E+06
  0.728658E-04  0.244164E+06  0.244163E+06  0.325477E+06  0.325468E+06  0.000000E+00  0.244164E+06
  0.753356E-04  0.244164E+06  0.244163E+06  0.325472E+06  0.325462E+06  0.000000E+00  0.244164E+06
  0.778891E-04  0.244163E+06  0.244163E+06  0.325466E+06  0.325456E+06  0.000000E+00  0.244163E+06
  0.805292E-04  0.244163E+06  0.244163E+06  0.325460E+06  0.325449E+06  0.000000E+00  0.244163E+06
  0.832588E-04  0.244163E+06  0.244162E+06  0.325453E+06  0.325442E+06  0.000000E+00  0.244163E+06
  0.860808E-04  0.244163E+06  0.244162E+06  0.325446E+06  0.325434E+06  0.000000E+00  0.244162E+06
  0.889986E-04  0.244162E+06  0.244161E+06  0.325438E+06  0.325425E+06  0.000000E+00  0.244162E+06
  0.920152E-04  0.244162E+06  0.244161E+06  0.325430E+06  0.325416E+06  0.000000E+00  0.244162E+06
  0.951340E-04  0.244161E+06  0.244161E+06  0.325421E+06  0.325406E+06  0.000000E+00  0.244161E+06
  0.983586E-04  0.244161E+06  0.244160E+06  0.325412E+06  0.325396E+06  0.000000E+00  0.244161E+06
  0.101692E-03  0.244161E+06  0.244160E+06  0.325402E+06  0.325385E+06  0.000000E+00  0.244160E+06
  0.105139E-03  0.244160E+06  0.244159E+06  0.325392E+06  0.325373E+06  0.000000E+00  0.244160E+06
  0.108703E-03  0.244160E+06  0.244159E+06  0.325380E+06  0.325360E+06  0.000000E+00  0.244159E+06
  0.112388E-03  0.244159E+06  0.244158E+06  0.325368E+06  0.325347E+06  0.000000E+00  0.244159E+06
  0.116197E-03  0.244158E+06  0.244157E+06  0.325355E+06  0.325332E+06  0.000000E+00  0.244158E+06
  0.120135E-03  0.244158E+06  0.244157E+06  0.325341E+06  0.325317E+06  0.000000E+00  0.244158E+06
  0.124207E-03  0.244157E+06  0.244156E+06  0.325326E+06  0.325300E+06  0.000000E+00  0.244157E+06
  0.128417E-03  0.244156E+06  0.244155E+06  0.325310E+06  0.325283E+06  0.000000E+00  0.244156E+06
  0.132770E-03  0.244156E+06  0.244154E+06  0.325293E+06  0.325264E+06  0.000000E+00  0.244155E+06
  0.137271E-03  0.244155E+06  0.244153E+06  0.325275E+06  0.325244E+06  0.000000E+00  0.244155E+06
  0.141923E-03  0.244154E+06  0.244152E+06  0.325256E+06  0.325222E+06  0.000000E+00  0.244154E+06
  0.146734E-03  0.244153E+06  0.244151E+06  0.325235E+06  0.325199E+06  0.000000E+00  0.244153E+06
  0.151707E-03  0.244152E+06  0.244150E+06  0.325213E+06  0.325174E+06  0.000000E+00  0.244152E+06
  0.156849E-03  0.244151E+06  0.244149E+06  0.325189E+06  0.325148E+06  0.000000E+00  0.244151E+06
  0.162166E-03  0.244150E+06  0.244148E+06  0.325164E+06  0.325120E+06  0.000000E+00  0.244149E+06
  0.167663E-03  0.244149E+06  0.244146E+06  0.325137E+06  0.325090E+06  0.000000E+00  0.244148E+06
  0.173345E-03  0.244147E+06  0.244145E+06  0.325108E+06  0.325058E+06  0.000000E+00  0.244147E+06
  0.179221E-03  0.244146E+06  0.244143E+06  0.325077E+06  0.325023E+06  0.000000E+00  0.244145E+06
  0.185296E-03  0.244144E+06  0.244141E+06  0.325044E+06  0.324987E+06  0.000000E+00  0.244144E+06
  0.191576E-03  0.244143E+06  0.244140E+06  0.325009E+06  0.324947E+06  0.000000E+00  0.244142E+06
  0.198070E-03  0.244141E+06  0.244138E+06  0.324971E+06  0.324905E+06  0.000000E+00  0.244141E+06
  0.204784E-03  0.244139E+06  0.244136E+06  0.324930E+06  0.324861E+06  0.000000E+00  0.244139E+06
  0.211725E-03  0.244137E+06  0.244133E+06  0.324887E+06  0.324813E+06  0.000000E+00  0.244137E+06
  0.218901E-03  0.244135E+06  0.244131E+06  0.324841E+06  0.324761E+06  0.000000E+00  0.244135E+06
  0.226321E-03  0.244133E+06  0.244129E+06  0.324792E+06  0.324707E+06  0.000000E+00  0.244132E+06
  0.233992E-03  0.244131E+06  0.244126E+06  0.324739E+06  0.324648E+06  0.000000E+00  0.244130E+06
  0.241923E-03  0.244128E+06  0.244123E+06  0.324683E+06  0.324586E+06  0.000000E+00  0.244127E+06
  0.250123E-03  0.244126E+06  0.244120E+06  0.324623E+06  0.324519E+06  0.000000E+00  0.244125E+06
  0.258601E-03  0.244123E+06  0.244117E+06  0.324558E+06  0.324447E+06  0.000000E+00  0.244122E+06
  0.267366E-03  0.244120E+06  0.244113E+06  0.324490E+06  0.324371E+06  0.000000E+00  0.244118E+06
  0.276429E-03  0.244116E+06  0.244109E+06  0.324416E+06  0.324289E+06  0.000000E+00  0.244115E+06
  0.285798E-03  0.244113E+06  0.244105E+06  0.324338E+06  0.324202E+06  0.000000E+00  0.244111E+06
  0.295486E-03  0.244109E+06  0.244101E+06  0.324254E+06  0.324109E+06  0.000000E+00  0.244108E+06
  0.305501E-03  0.244105E+06  0.244097E+06  0.324164E+06  0.324009E+06  0.000000E+00  0.244103E+06
  0.315856E-03  0.244101E+06  0.244092E+06  0.324069E+06  0.323903E+06  0.000000E+00  0.244099E+06
  0.326562E-03  0.244096E+06  0.244086E+06  0.323966E+06  0.323789E+06  0.000000E+00  0.244094E+06
  0.337631E-03  0.244091E+06  0.244081E+06  0.323857E+06  0.323668E+06  0.000000E+00  0.244089E+06
  0.349075E-03  0.244086E+06  0.244075E+06  0.323740E+06  0.323538E+06  0.000000E+00  0.244084E+06
  0.360907E-03  0.244080E+06  0.244069E+06  0.323615E+06  0.323399E+06  0.000000E+00  0.244078E+06
  0.373140E-03  0.244074E+06  0.244062E+06  0.323481E+06  0.323251E+06  0.000000E+00  0.244072E+06
  0.385788E-03  0.244068E+06  0.244054E+06  0.323339E+06  0.323092E+06  0.000000E+00  0.244065E+06
  0.398864E-03  0.244061E+06  0.244047E+06  0.323186E+06  0.322923E+06  0.000000E+00  0.244058E+06
  0.412383E-03  0.244053E+06  0.244038E+06  0.323024E+06  0.322742E+06  0.000000E+00  0.244051E+06
  0.426361E-03  0.244046E+06  0.244029E+06  0.322850E+06  0.322549E+06  0.000000E+00  0.244043E+06
  0.440813E-03  0.244037E+06  0.244020E+06  0.322664E+06  0.322342E+06  0.000000E+00  0.244034E+06
  0.455754E-03  0.244028E+06  0.244010E+06  0.322465E+06  0.322122E+06  0.000000E+00  0.244025E+06
  0.471202E-03  0.244019E+06  0.243999E+06  0.322253E+06  0.321886E+06  0.000000E+00  0.244015E+06
  0.487173E-03  0.244008E+06  0.243987E+06  0.322026E+06  0.321635E+06  0.000000E+00  0.244005E+06
  0.503686E-03  0.243997E+06  0.243975E+06  0.321784E+06  0.321366E+06  0.000000E+00  0.243994E+06
  0.520759E-03  0.243986E+06  0.243962E+06  0.321525E+06  0.321079E+06  0.000000E+00  0.243982E+06
  0.538410E-03  0.243973E+06  0.243947E+06  0.321249E+06  0.320772E+06  0.000000E+00  0.243969E+06
  0.556659E-03  0.243960E+06  0.243932E+06  0.320954E+06  0.320444E+06  0.000000E+00  0.243955E+06
  0.575527E-03  0.243945E+06  0.243916E+06  0.320638E+06  0.320095E+06  0.000000E+00  0.243940E+06
  0.595035E-03  0.243930E+06  0.243899E+06  0.320302E+06  0.319721E+06  0.000000E+00  0.243925E+06
  0.615204E-03  0.243914E+06  0.243880E+06  0.319942E+06  0.319322E+06  0.000000E+00  0.243908E+06
  0.636056E-03  0.243896E+06  0.243861E+06  0.319558E+06  0.318897E+06  0.000000E+00  0.243890E+06
  0.657615E-03  0.243878E+06  0.243840E+06  0.319148E+06  0.318442E+06  0.000000E+00  0.243871E+06
  0.679905E-03  0.243858E+06  0.243817E+06  0.318711E+06  0.317957E+06  0.000000E+00  0.243851E+06
  0.702951E-03  0.243837E+06  0.243793E+06  0.318243E+06  0.317439E+06  0.000000E+00  0.243829E+06
  0.726777E-03  0.243814E+06  0.243767E+06  0.317744E+06  0.316886E+06  0.000000E+00  0.243806E+06
  0.751412E-03  0.243790E+06  0.243740E+06  0.317212E+06  0.316296E+06  0.000000E+00  0.243781E+06
  0.776881E-03  0.243764E+06  0.243710E+06  0.316643E+06  0.315666E+06  0.000000E+00  0.243754E+06
  0.803213E-03  0.243736E+06  0.243679E+06  0.316037E+06  0.314994E+06  0.000000E+00  0.243726E+06
  0.830438E-03  0.243706E+06  0.243645E+06  0.315390E+06  0.314278E+06  0.000000E+00  0.243696E+06
  0.858586E-03  0.243674E+06  0.243609E+06  0.314699E+06  0.313513E+06  0.000000E+00  0.243663E+06
  0.887688E-03  0.243641E+06  0.243571E+06  0.313962E+06  0.312698E+06  0.000000E+00  0.243629E+06
  0.917776E-03  0.243604E+06  0.243530E+06  0.313176E+06  0.311829E+06  0.000000E+00  0.243592E+06
  0.948884E-03  0.243566E+06  0.243486E+06  0.312338E+06  0.310902E+06  0.000000E+00  0.243552E+06
  0.981047E-03  0.243525E+06  0.243440E+06  0.311444E+06  0.309914E+06  0.000000E+00  0.243510E+06
  0.101430E-02  0.243481E+06  0.243390E+06  0.310491E+06  0.308861E+06  0.000000E+00  0.243465E+06
  0.104868E-02  0.243434E+06  0.243336E+06  0.309475E+06  0.307739E+06  0.000000E+00  0.243417E+06
  0.108422E-02  0.243383E+06  0.243279E+06  0.308392E+06  0.306543E+06  0.000000E+00  0.243366E+06
  0.112097E-02  0.243330E+06  0.243219E+06  0.307238E+06  0.305270E+06  0.000000E+00  0.243311E+06
  0.115897E-02  0.243272E+06  0.243154E+06  0.306009E+06  0.303915E+06  0.000000E+00  0.243252E+06
  0.119825E-02  0.243211E+06  0.243084E+06  0.304699E+06  0.302471E+06  0.000000E+00  0.243189E+06
  0.123887E-02  0.243146E+06  0.243010E+06  0.303305E+06  0.300936E+06  0.000000E+00  0.243123E+06
  0.128086E-02  0.243076E+06  0.242931E+06  0.301821E+06  0.299302E+06  0.000000E+00  0.243051E+06
  0.132427E-02  0.243001E+06  0.242847E+06  0.300241E+06  0.297564E+06  0.000000E+00  0.242975E+06
  0.136916E-02  0.242922E+06  0.242756E+06  0.298561E+06  0.295717E+06  0.000000E+00  0.242894E+06
  0.141557E-02  0.242837E+06  0.242660E+06  0.296773E+06  0.293754E+06  0.000000E+00  0.242807E+06
  0.146355E-02  0.242746E+06  0.242557E+06  0.294873E+06  0.291668E+06  0.000000E+00  0.242714E+06
  0.151316E-02  0.242650E+06  0.242448E+06  0.292853E+06  0.289453E+06  0.000000E+00  0.242615E+06
  0.156445E-02  0.242547E+06  0.242331E+06  0.290707E+06  0.287103E+06  0.000000E+00  0.242510E+06
  0.161747E-02  0.242437E+06  0.242206E+06  0.288429E+06  0.284610E+06  0.000000E+00  0.242397E+06
  0.167230E-02  0.242319E+06  0.242072E+06  0.286010E+06  0.281966E+06  0.000000E+00  0.242277E+06
  0.172898E-02  0.242194E+06  0.241930E+06  0.283444E+06  0.279164E+06  0.000000E+00  0.242149E+06
  0.178758E-02  0.242060E+06  0.241779E+06  0.280724E+06  0.276198E+06  0.000000E+00  0.242012E+06
  0.184817E-02  0.241918E+06  0.241617E+06  0.277840E+06  0.273058E+06  0.000000E+00  0.241866E+06
  0.191082E-02  0.241766E+06  0.241444E+06  0.274787E+06  0.269738E+06  0.000000E+00  0.241711E+06
  0.197559E-02  0.241604E+06  0.241260E+06  0.271555E+06  0.266229E+06  0.000000E+00  0.241545E+06
  0.204255E-02  0.241431E+06  0.241064E+06  0.268136E+06  0.262523E+06  0.000000E+00  0.241369E+06
  0.211178E-02  0.241248E+06  0.240855E+06  0.264524E+06  0.258614E+06  0.000000E+00  0.241181E+06
  0.218336E-02  0.241052E+06  0.240632E+06  0.260709E+06  0.254494E+06  0.000000E+00  0.240980E+06
  0.225737E-02  0.240843E+06  0.240395E+06  0.256684E+06  0.250156E+06  0.000000E+00  0.240767E+06
  0.233388E-02  0.240621E+06  0.240142E+06  0.252441E+06  0.245593E+06  0.000000E+00  0.240539E+06
  0.241299E-02  0.240384E+06  0.239873E+06  0.247973E+06  0.240799E+06  0.000000E+00  0.240297E+06
  0.249477E-02  0.240133E+06  0.239586E+06  0.243272E+06  0.235768E+06  0.000000E+00  0.240039E+06
  0.257933E-02  0.239865E+06  0.239281E+06  0.238334E+06  0.230496E+06  0.000000E+00  0.239765E+06
  0.266676E-02  0.239580E+06  0.238956E+06  0.233151E+06  0.224980E+06  0.000000E+00  0.239474E+06
  0.275715E-02  0.239277E+06  0.238610E+06  0.227720E+06  0.219216E+06  0.000000E+00  0.239163E+06
  0.285060E-02  0.238955E+06  0.238243E+06  0.222035E+06  0.213204E+06  0.000000E+00  0.238834E+06
  0.294723E-02  0.238613E+06  0.237852E+06  0.216096E+06  0.206943E+06  0.000000E+00  0.238483E+06
  0.304712E-02  0.238249E+06  0.237437E+06  0.209900E+06  0.200437E+06  0.000000E+00  0.238111E+06
  0.315041E-02  0.237863E+06  0.236996E+06  0.203448E+06  0.193690E+06  0.000000E+00  0.237716E+06
  0.325719E-02  0.237454E+06  0.236527E+06  0.196743E+06  0.186708E+06  0.000000E+00  0.237296E+06
  0.336759E-02  0.237020E+06  0.236030E+06  0.189789E+06  0.179500E+06  0.000000E+00  0.236851E+06
  0.348174E-02  0.236559E+06  0.235503E+06  0.182593E+06  0.172079E+06  0.000000E+00  0.236379E+06
  0.359975E-02  0.236071E+06  0.234943E+06  0.175165E+06  0.164459E+06  0.000000E+00  0.235879E+06
  0.372177E-02  0.235554E+06  0.234350E+06  0.167518E+06  0.156659E+06  0.000000E+00  0.235349E+06
  0.384792E-02  0.235007E+06  0.233721E+06  0.159667E+06  0.148701E+06  0.000000E+00  0.234788E+06
  0.397834E-02  0.234429E+06  0.233056E+06  0.151633E+06  0.140611E+06  0.000000E+00  0.234195E+06
  0.411319E-02  0.233817E+06  0.232351E+06  0.143439E+06  0.132418E+06  0.000000E+00  0.233567E+06
  0.425260E-02  0.233171E+06  0.231606E+06  0.135112E+06  0.124155E+06  0.000000E+00  0.232905E+06
  0.439675E-02  0.232489E+06  0.230819E+06  0.126684E+06  0.115861E+06  0.000000E+00  0.232205E+06
  0.454577E-02  0.231770E+06  0.229987E+06  0.118192E+06  0.107576E+06  0.000000E+00  0.231466E+06
  0.469985E-02  0.231011E+06  0.229109E+06  0.109675E+06  0.993459E+05  0.000000E+00  0.230687E+06
  0.485916E-02  0.230213E+06  0.228184E+06  0.101179E+06  0.912185E+05  0.000000E+00  0.229867E+06
  0.502386E-02  0.229372E+06  0.227208E+06  0.927518E+05  0.832450E+05  0.000000E+00  0.229004E+06
  0.519414E-02  0.228489E+06  0.226180E+06  0.844471E+05  0.754786E+05  0.000000E+00  0.228096E+06
  0.537020E-02  0.227561E+06  0.225099E+06  0.763206E+05  0.679738E+05  0.000000E+00  0.227142E+06
  0.555222E-02  0.226588E+06  0.223962E+06  0.684311E+05  0.607851E+05  0.000000E+00  0.226141E+06
  0.574042E-02  0.225568E+06  0.222768E+06  0.608389E+05  0.539660E+05  0.000000E+00  0.225091E+06
  0.593499E-02  0.224500E+06  0.221515E+06  0.536049E+05  0.475672E+05  0.000000E+00  0.223991E+06
  0.613615E-02  0.223383E+06  0.220201E+06  0.467892E+05  0.416354E+05  0.000000E+00  0.222841E+06
  0.634414E-02  0.222216E+06  0.218825E+06  0.404497E+05  0.362110E+05  0.000000E+00  0.221638E+06
  0.655917E-02  0.220998E+06  0.217385E+06  0.346396E+05  0.313265E+05  0.000000E+00  0.220382E+06
  0.678150E-02  0.219729E+06  0.215880E+06  0.294061E+05  0.270046E+05  0.000000E+00  0.219073E+06
  0.701136E-02  0.218407E+06  0.214308E+06  0.247878E+05  0.232564E+05  0.000000E+00  0.217709E+06
  0.724901E-02  0.217033E+06  0.212668E+06  0.208125E+05  0.200798E+05  0.000000E+00  0.216290E+06
  0.749471E-02  0.215606E+06  0.210960E+06  0.174948E+05  0.174584E+05  0.000000E+00  0.214814E+06
  0.774875E-02  0.214126E+06  0.209181E+06  0.148345E+05  0.153606E+05  0.000000E+00  0.213283E+06
  0.801139E-02  0.212592E+06  0.207331E+06  0.128144E+05  0.137400E+05  0.000000E+00  0.211696E+06
  0.828294E-02  0.211005E+06  0.205408E+06  0.113991E+05  0.125363E+05  0.000000E+00  0.210051E+06
  0.856369E-02  0.209364E+06  0.203413E+06  0.105347E+05  0.116770E+05  0.000000E+00  0.208350E+06
  0.885396E-02  0.207670E+06  0.201344E+06  0.101492E+05  0.110805E+05  0.000000E+00  0.206592E+06
  0.915407E-02  0.205923E+06  0.199200E+06  0.101538E+05  0.106603E+05  0.000000E+00  0.204777E+06
  0.946434E-02  0.204122E+06  0.196980E+06  0.104457E+05  0.103301E+05  0.000000E+00  0.202905E+06
  0.978514E-02  0.202269E+06  0.194685E+06  0.109128E+05  0.100095E+05  0.000000E+00  0.200976E+06
  0.101168E-01  0.200362E+06  0.192312E+06  0.114385E+05  0.963019E+04  0.000000E+00  0.198991E+06
  0.104597E-01  0.198403E+06  0.189862E+06  0.119091E+05  0.914189E+04  0.000000E+00  0.196948E+06
  0.108143E-01  0.196391E+06  0.187332E+06  0.122215E+05  0.851736E+04  0.000000E+00  0.194848E+06
  0.111808E-01  0.194327E+06  0.184724E+06  0.122905E+05  0.775566E+04  0.000000E+00  0.192691E+06
  0.115598E-01  0.192210E+06  0.182034E+06  0.120575E+05  0.688296E+04  0.000000E+00  0.190476E+06
  0.119516E-01  0.190040E+06  0.179264E+06  0.114962E+05  0.595021E+04  0.000000E+00  0.188204E+06
  0.123567E-01  0.187816E+06  0.176411E+06  0.106171E+05  0.502720E+04  0.000000E+00  0.185873E+06
  0.127755E-01  0.185540E+06  0.173476E+06  0.946844E+04  0.419332E+04  0.000000E+00  0.183485E+06
  0.132086E-01  0.183210E+06  0.170457E+06  0.813250E+04  0.352550E+04  0.000000E+00  0.181037E+06
  0.136563E-01  0.180827E+06  0.167355E+06  0.671814E+04  0.308491E+04  0.000000E+00  0.178531E+06
  0.141191E-01  0.178390E+06  0.164168E+06  0.534809E+04  0.290436E+04  0.000000E+00  0.175967E+06
  0.145977E-01  0.175899E+06  0.160897E+06  0.414306E+04  0.297902E+04  0.000000E+00  0.173343E+06
  0.150925E-01  0.173354E+06  0.157542E+06  0.320366E+04  0.326298E+04  0.000000E+00  0.170660E+06
  0.156041E-01  0.170756E+06  0.154105E+06  0.259346E+04  0.367363E+04  0.000000E+00  0.167920E+06
  0.161330E-01  0.168103E+06  0.150584E+06  0.000000E+00  0.000000E+00  0.000000E+00  0.165119E+06
  0.166798E-01  0.165398E+06  0.146984E+06  0.000000E+00  0.000000E+00  0.000000E+00  0.162261E+06
  0.172452E-01  0.162642E+06  0.143307E+06  0.000000E+00  0.000000E+00  0.000000E+00  0.159348E+06
  0.178297E-01  0.159836E+06  0.139556E+06  0.000000E+00  0.000000E+00  0.000000E+00  0.156381E+06
  0.184340E-01  0.156980E+06  0.135736E+06  0.000000E+00  0.000000E+00  0.000000E+00  0.153361E+06
  0.190588E-01  0.154077E+06  0.131850E+06  0.000000E+00  0.000000E+00  0.000000E+00  0.150290E+06
  0.197048E-01  0.151128E+06  0.127904E+06  0.000000E+00  0.000000E+00  0.000000E+00  0.147171E+06
  0.203727E-01  0.148135E+06  0.123904E+06  0.000000E+00  0.000000E+00  0.000000E+00  0.144006E+06
  0.210633E-01  0.145099E+06  0.119858E+06  0.000000E+00  0.000000E+00  0.000000E+00  0.140799E+06
  0.217772E-01  0.142024E+06  0.115773E+06  0.000000E+00  0.000000E+00  0.000000E+00  0.137552E+06
  0.225154E-01  0.138912E+06  0.111660E+06  0.000000E+00  0.000000E+00  0.000000E+00  0.134269E+06
  0.232785E-01  0.135767E+06  0.107529E+06  0.000000E+00  0.000000E+00  0.000000E+00  0.130956E+06
  0.240676E-01  0.132593E+06  0.103392E+06  0.000000E+00  0.000000E+00  0.000000E+00  0.127618E+06
  0.248833E-01  0.129393E+06  0.992635E+05  0.000000E+00  0.000000E+00  0.000000E+00  0.124260E+06
  0.257268E-01  0.126173E+06  0.951570E+05  0.000000E+00  0.000000E+00  0.000000E+00  0.120889E+06
  0.265988E-01  0.122938E+06  0.910890E+05  0.000000E+00  0.000000E+00  0.000000E+00  0.117512E+06
  0.275003E-01  0.119693E+06  0.870770E+05  0.000000E+00  0.000000E+00  0.000000E+00  0.114137E+06
  0.284325E-01  0.116446E+06  0.831395E+05  0.000000E+00  0.000000E+00  0.000000E+00  0.110772E+06
  0.293962E-01  0.113203E+06  0.792963E+05  0.000000E+00  0.000000E+00  0.000000E+00  0.107427E+06
  0.303926E-01  0.109972E+06  0.755679E+05  0.000000E+00  0.000000E+00  0.000000E+00  0.104110E+06
  0.314227E-01  0.106760E+06  0.719757E+05  0.000000E+00  0.000000E+00  0.000000E+00  0.100834E+06
  0.324878E-01  0.103565E+06  0.685291E+05  0.000000E+00  0.000000E+00  0.000000E+00  0.975959E+05
  0.335890E-01  0.100976E+06  0.658198E+05  0.000000E+00  0.000000E+00  0.000000E+00  0.949868E+05
  0.347275E-01  0.978491E+05  0.627348E+05  0.000000E+00  0.000000E+00  0.000000E+00  0.918667E+05
  0.359046E-01  0.947759E+05  0.598681E+05  0.000000E+00  0.000000E+00  0.000000E+00  0.888286E+05
  0.371216E-01  0.917665E+05  0.572384E+05  0.000000E+00  0.000000E+00  0.000000E+00  0.858839E+05
  0.383798E-01  0.888307E+05  0.548618E+05  0.000000E+00  0.000000E+00  0.000000E+00  0.830434E+05
  0.396807E-01  0.859768E+05  0.527501E+05  0.000000E+00  0.000000E+00  0.000000E+00  0.803160E+05
  0.410257E-01  0.832120E+05  0.509104E+05  0.000000E+00  0.000000E+00  0.000000E+00  0.777088E+05
  0.424162E-01  0.802073E+05  0.490150E+05  0.000000E+00  0.000000E+00  0.000000E+00  0.748931E+05
  0.438539E-01  0.776288E+05  0.477115E+05  0.000000E+00  0.000000E+00  0.000000E+00  0.725318E+05
  0.453404E-01  0.751465E+05  0.466607E+05  0.000000E+00  0.000000E+00  0.000000E+00  0.702934E+05
  0.468772E-01  0.727604E+05  0.458429E+05  0.000000E+00  0.000000E+00  0.000000E+00  0.681745E+05
  0.484661E-01  0.704691E+05  0.452317E+05  0.000000E+00  0.000000E+00  0.000000E+00  0.661694E+05
  0.501089E-01  0.682726E+05  0.447964E+05  0.000000E+00  0.000000E+00  0.000000E+00  0.642729E+05
  0.518073E-01  0.663437E+05  0.446702E+05  0.000000E+00  0.000000E+00  0.000000E+00  0.626512E+05
  0.535634E-01  0.643273E+05  0.444633E+05  0.000000E+00  0.000000E+00  0.000000E+00  0.609430E+05
  0.553789E-01  0.623933E+05  0.442985E+05  0.000000E+00  0.000000E+00  0.000000E+00  0.593105E+05
  0.572560E-01  0.605306E+05  0.441182E+05  0.000000E+00  0.000000E+00  0.000000E+00  0.577344E+05
  0.591966E-01  0.587233E+05  0.438598E+05  0.000000E+00  0.000000E+00  0.000000E+00  0.561910E+05
  0.612031E-01  0.568272E+05  0.433370E+05  0.000000E+00  0.000000E+00  0.000000E+00  0.545289E+05
  0.632776E-01  0.550713E+05  0.427353E+05  0.000000E+00  0.000000E+00  0.000000E+00  0.529696E+05
  0.654224E-01  0.533203E+05  0.418902E+05  0.000000E+00  0.000000E+00  0.000000E+00  0.513729E+05
  0.676399E-01  0.515653E+05  0.407724E+05  0.000000E+00  0.000000E+00  0.000000E+00  0.497265E+05
  0.699326E-01  0.498010E+05  0.393706E+05  0.000000E+00  0.000000E+00  0.000000E+00  0.480240E+05
  0.723029E-01  0.480844E+05  0.377503E+05  0.000000E+00  0.000000E+00  0.000000E+00  0.463238E+05
  0.747537E-01  0.463048E+05  0.358316E+05  0.000000E+00  0.000000E+00  0.000000E+00  0.445205E+05
  0.772874E-01  0.445048E+05  0.337013E+05  0.000000E+00  0.000000E+00  0.000000E+00  0.426642E+05
  0.799071E-01  0.426883E+05  0.314254E+05  0.000000E+00  0.000000E+00  0.000000E+00  0.407695E+05
  0.826156E-01  0.408715E+05  0.290956E+05  0.000000E+00  0.000000E+00  0.000000E+00  0.388652E+05
  0.854158E-01  0.390803E+05  0.268220E+05  0.000000E+00  0.000000E+00  0.000000E+00  0.369919E+05
  0.883110E-01  0.373446E+05  0.247187E+05  0.000000E+00  0.000000E+00  0.000000E+00  0.351935E+05
  0.913043E-01  0.356904E+05  0.228886E+05  0.000000E+00  0.000000E+00  0.000000E+00  0.335094E+05
  0.943991E-01  0.341361E+05  0.214094E+05  0.000000E+00  0.000000E+00  0.000000E+00  0.319678E+05
  0.975987E-01  0.326918E+05  0.203244E+05  0.000000E+00  0.000000E+00  0.000000E+00  0.305848E+05
  0.100907E+00  0.313608E+05  0.196366E+05  0.000000E+00  0.000000E+00  0.000000E+00  0.293633E+05
  0.104327E+00  0.301416E+05  0.193078E+05  0.000000E+00  0.000000E+00  0.000000E+00  0.282958E+05
  0.107863E+00  0.290282E+05  0.192591E+05  0.000000E+00  0.000000E+00  0.000000E+00  0.273638E+05
  0.111519E+00  0.280049E+05  0.193732E+05  0.000000E+00  0.000000E+00  0.000000E+00  0.265343E+05
  0.115299E+00  0.270415E+05  0.195019E+05  0.000000E+00  0.000000E+00  0.000000E+00  0.257570E+05
  0.119207E+00  0.260997E+05  0.194909E+05  0.000000E+00  0.000000E+00  0.000000E+00  0.249737E+05
  0.123248E+00  0.251481E+05  0.192151E+05  0.000000E+00  0.000000E+00  0.000000E+00  0.241373E+05
  0.127425E+00  0.241693E+05  0.186043E+05  0.000000E+00  0.000000E+00  0.000000E+00  0.232212E+05
  0.131745E+00  0.231551E+05  0.176536E+05  0.000000E+00  0.000000E+00  0.000000E+00  0.222178E+05
  0.136210E+00  0.221082E+05  0.164274E+05  0.000000E+00  0.000000E+00  0.000000E+00  0.211403E+05
  0.140827E+00  0.210458E+05  0.150548E+05  0.000000E+00  0.000000E+00  0.000000E+00  0.200251E+05
  0.145600E+00  0.199982E+05  0.137056E+05  0.000000E+00  0.000000E+00  0.000000E+00  0.189261E+05
  0.150535E+00  0.190039E+05  0.125533E+05  0.000000E+00  0.000000E+00  0.000000E+00  0.179049E+05
  0.155638E+00  0.180974E+05  0.117276E+05  0.000000E+00  0.000000E+00  0.000000E+00  0.170122E+05
  0.160913E+00  0.172940E+05  0.112704E+05  0.000000E+00  0.000000E+00  0.000000E+00  0.162678E+05
  0.166367E+00  0.165869E+05  0.111228E+05  0.000000E+00  0.000000E+00  0.000000E+00  0.156560E+05
  0.172006E+00  0.159490E+05  0.111395E+05  0.000000E+00  0.000000E+00  0.000000E+00  0.151296E+05
  0.177837E+00  0.153426E+05  0.111345E+05  0.000000E+00  0.000000E+00  0.000000E+00  0.146257E+05
  0.183864E+00  0.147331E+05  0.109459E+05  0.000000E+00  0.000000E+00  0.000000E+00  0.140879E+05
  0.190096E+00  0.140941E+05  0.104875E+05  0.000000E+00  0.000000E+00  0.000000E+00  0.134797E+05
  0.196540E+00  0.134228E+05  0.978787E+04  0.000000E+00  0.000000E+00  0.000000E+00  0.128035E+05
  0.203202E+00  0.127431E+05  0.898229E+04  0.000000E+00  0.000000E+00  0.000000E+00  0.121024E+05
  0.210089E+00  0.120891E+05  0.824720E+04  0.000000E+00  0.000000E+00  0.000000E+00  0.114345E+05
  0.217210E+00  0.114916E+05  0.772168E+04  0.000000E+00  0.000000E+00  0.000000E+00  0.108493E+05
  0.224572E+00  0.109689E+05  0.744694E+04  0.000000E+00  0.000000E+00  0.000000E+00  0.103689E+05
  0.232184E+00  0.105049E+05  0.733474E+04  0.000000E+00  0.000000E+00  0.000000E+00  0.996481E+04
  0.240054E+00  0.100668E+05  0.722814E+04  0.000000E+00  0.000000E+00  0.000000E+00  0.958314E+04
  0.248191E+00  0.962454E+04  0.699417E+04  0.000000E+00  0.000000E+00  0.000000E+00  0.917641E+04
  0.256603E+00  0.916482E+04  0.659854E+04  0.000000E+00  0.000000E+00  0.000000E+00  0.872760E+04
  0.265301E+00  0.869973E+04  0.612278E+04  0.000000E+00  0.000000E+00  0.000000E+00  0.826070E+04
  0.274293E+00  0.825621E+04  0.570003E+04  0.000000E+00  0.000000E+00  0.000000E+00  0.782071E+04
  0.283590E+00  0.785528E+04  0.541600E+04  0.000000E+00  0.000000E+00  0.000000E+00  0.743970E+04
  0.293203E+00  0.749710E+04  0.524984E+04  0.000000E+00  0.000000E+00  0.000000E+00  0.711424E+04
  0.303141E+00  0.715987E+04  0.509901E+04  0.000000E+00  0.000000E+00  0.000000E+00  0.680876E+04
  0.313416E+00  0.682313E+04  0.487722E+04  0.000000E+00  0.000000E+00  0.000000E+00  0.649160E+04
  0.324039E+00  0.648328E+04  0.458573E+04  0.000000E+00  0.000000E+00  0.000000E+00  0.616000E+04
  0.335023E+00  0.615399E+04  0.429925E+04  0.000000E+00  0.000000E+00  0.000000E+00  0.583800E+04
  0.346378E+00  0.585018E+04  0.408205E+04  0.000000E+00  0.000000E+00  0.000000E+00  0.554894E+04
  0.358119E+00  0.557208E+04  0.392388E+04  0.000000E+00  0.000000E+00  0.000000E+00  0.529128E+04
  0.370257E+00  0.530629E+04  0.376335E+04  0.000000E+00  0.000000E+00  0.000000E+00  0.504342E+04
  0.382807E+00  0.504388E+04  0.356763E+04  0.000000E+00  0.000000E+00  0.000000E+00  0.479237E+04
  0.395783E+00  0.478856E+04  0.336385E+04  0.000000E+00  0.000000E+00  0.000000E+00  0.454583E+04
  0.409198E+00  0.454905E+04  0.319204E+04  0.000000E+00  0.000000E+00  0.000000E+00  0.431785E+04
  0.423068E+00  0.432593E+04  0.304980E+04  0.000000E+00  0.000000E+00  0.000000E+00  0.410851E+04
  0.437407E+00  0.411212E+04  0.290579E+04  0.000000E+00  0.000000E+00  0.000000E+00  0.390660E+04
  0.452233E+00  0.390465E+04  0.275173E+04  0.000000E+00  0.000000E+00  0.000000E+00  0.370823E+04
  0.467562E+00  0.370679E+04  0.260705E+04  0.000000E+00  0.000000E+00  0.000000E+00  0.351943E+04
  0.483410E+00  0.352079E+04  0.248053E+04  0.000000E+00  0.000000E+00  0.000000E+00  0.334356E+04
  0.499795E+00  0.334376E+04  0.235901E+04  0.000000E+00  0.000000E+00  0.000000E+00  0.317599E+04
  0.516736E+00  0.317370E+04  0.223642E+04  0.000000E+00  0.000000E+00  0.000000E+00  0.301402E+04
  0.534250E+00  0.301184E+04  0.212106E+04  0.000000E+00  0.000000E+00  0.000000E+00  0.286007E+04
  0.552359E+00  0.285867E+04  0.201503E+04  0.000000E+00  0.000000E+00  0.000000E+00  0.271494E+04
  0.571081E+00  0.271260E+04  0.191228E+04  0.000000E+00  0.000000E+00  0.000000E+00  0.257625E+04
  0.590438E+00  0.257323E+04  0.181309E+04  0.000000E+00  0.000000E+00  0.000000E+00  0.244372E+04
  0.610451E+00  0.244098E+04  0.172030E+04  0.000000E+00  0.000000E+00  0.000000E+00  0.231819E+04
  0.631142E+00  0.231522E+04  0.163199E+04  0.000000E+00  0.000000E+00  0.000000E+00  0.219882E+04
  0.652535E+00  0.219548E+04  0.154729E+04  0.000000E+00  0.000000E+00  0.000000E+00  0.208505E+04
  0.674653E+00  0.208173E+04  0.146725E+04  0.000000E+00  0.000000E+00  0.000000E+00  0.197704E+04
  0.697520E+00  0.197362E+04  0.139115E+04  0.000000E+00  0.000000E+00  0.000000E+00  0.187438E+04
  0.721163E+00  0.187083E+04  0.131863E+04  0.000000E+00  0.000000E+00  0.000000E+00  0.177675E+04
  0.745607E+00  0.177319E+04  0.124988E+04  0.000000E+00  0.000000E+00  0.000000E+00  0.168403E+04
  0.770879E+00  0.168039E+04  0.118448E+04  0.000000E+00  0.000000E+00  0.000000E+00  0.159590E+04
  0.797008E+00  0.159225E+04  0.112235E+04  0.000000E+00  0.000000E+00  0.000000E+00  0.151219E+04
  0.824022E+00  0.150855E+04  0.106338E+04  0.000000E+00  0.000000E+00  0.000000E+00  0.143270E+04
  0.851953E+00  0.142906E+04  0.100736E+04  0.000000E+00  0.000000E+00  0.000000E+00  0.135721E+04
  0.880830E+00  0.135361E+04  0.954193E+03  0.000000E+00  0.000000E+00  0.000000E+00  0.128556E+04
  0.910686E+00  0.128198E+04  0.903712E+03  0.000000E+00  0.000000E+00  0.000000E+00  0.121753E+04
  0.941553E+00  0.121401E+04  0.855815E+03  0.000000E+00  0.000000E+00  0.000000E+00  0.115299E+04
  0.973468E+00  0.114951E+04  0.810352E+03  0.000000E+00  0.000000E+00  0.000000E+00  0.109173E+04
  0.100646E+01  0.108831E+04  0.767217E+03  0.000000E+00  0.000000E+00  0.000000E+00  0.103360E+04
  0.104058E+01  0.103024E+04  0.726289E+03  0.000000E+00  0.000000E+00  0.000000E+00  0.978453E+03
  0.107585E+01  0.975158E+03  0.687470E+03  0.000000E+00  0.000000E+00  0.000000E+00  0.926145E+03
  0.111231E+01  0.922923E+03  0.650652E+03  0.000000E+00  0.000000E+00  0.000000E+00  0.876536E+03
  0.115002E+01  0.873394E+03  0.615743E+03  0.000000E+00  0.000000E+00  0.000000E+00  0.829498E+03
  0.118900E+01  0.826438E+03  0.582646E+03  0.000000E+00  0.000000E+00  0.000000E+00  0.784903E+03
  0.122930E+01  0.781919E+03  0.551265E+03  0.000000E+00  0.000000E+00  0.000000E+00  0.742623E+03
  0.127096E+01  0.739725E+03  0.521522E+03  0.000000E+00  0.000000E+00  0.000000E+00  0.702549E+03
  0.131404E+01  0.699737E+03  0.493335E+03  0.000000E+00  0.000000E+00  0.000000E+00  0.664572E+03
  0.135858E+01  0.661845E+03  0.466625E+03  0.000000E+00  0.000000E+00  0.000000E+00  0.628585E+03
  0.140463E+01  0.625943E+03  0.441318E+03  0.000000E+00  0.000000E+00  0.000000E+00  0.594489E+03
  0.145224E+01  0.591931E+03  0.417341E+03  0.000000E+00  0.000000E+00  0.000000E+00  0.562186E+03
  0.150147E+01  0.559707E+03  0.394626E+03  0.000000E+00  0.000000E+00  0.000000E+00  0.531582E+03
  0.155236E+01  0.529190E+03  0.373113E+03  0.000000E+00  0.000000E+00  0.000000E+00  0.502599E+03
  0.160498E+01  0.500292E+03  0.352741E+03  0.000000E+00  0.000000E+00  0.000000E+00  0.475153E+03
  0.165938E+01  0.472928E+03  0.333450E+03  0.000000E+00  0.000000E+00  0.000000E+00  0.449165E+03
  0.171562E+01  0.447021E+03  0.315186E+03  0.000000E+00  0.000000E+00  0.000000E+00  0.424560E+03
  0.177377E+01  0.422496E+03  0.297896E+03  0.000000E+00  0.000000E+00  0.000000E+00  0.401268E+03
  0.183390E+01  0.399283E+03  0.281531E+03  0.000000E+00  0.000000E+00  0.000000E+00  0.379221E+03
  0.189606E+01  0.377311E+03  0.266041E+03  0.000000E+00  0.000000E+00  0.000000E+00  0.358354E+03
  0.196032E+01  0.356517E+03  0.251381E+03  0.000000E+00  0.000000E+00  0.000000E+00  0.338605E+03
  0.202677E+01  0.336839E+03  0.237508E+03  0.000000E+00  0.000000E+00  0.000000E+00  0.319916E+03
  0.209547E+01  0.318223E+03  0.224383E+03  0.000000E+00  0.000000E+00  0.000000E+00  0.302235E+03
  0.216649E+01  0.300610E+03  0.211965E+03  0.000000E+00  0.000000E+00  0.000000E+00  0.285508E+03
  0.223993E+01  0.283951E+03  0.200220E+03  0.000000E+00  0.000000E+00  0.000000E+00  0.269685E+03
  0.231585E+01  0.268193E+03  0.189110E+03  0.000000E+00  0.000000E+00  0.000000E+00  0.254720E+03
  0.239434E+01  0.253290E+03  0.178603E+03  0.000000E+00  0.000000E+00  0.000000E+00  0.240566E+03
  0.247550E+01  0.239196E+03  0.168665E+03  0.000000E+00  0.000000E+00  0.000000E+00  0.227179E+03
  0.255941E+01  0.225869E+03  0.159269E+03  0.000000E+00  0.000000E+00  0.000000E+00  0.214522E+03
  0.264616E+01  0.213268E+03  0.150384E+03  0.000000E+00  0.000000E+00  0.000000E+00  0.202554E+03
  0.273585E+01  0.201355E+03  0.141985E+03  0.000000E+00  0.000000E+00  0.000000E+00  0.191240E+03
  0.282858E+01  0.190094E+03  0.134045E+03  0.000000E+00  0.000000E+00  0.000000E+00  0.180545E+03
  0.292446E+01  0.179451E+03  0.126540E+03  0.000000E+00  0.000000E+00  0.000000E+00  0.170436E+03
  0.302358E+01  0.169390E+03  0.119447E+03  0.000000E+00  0.000000E+00  0.000000E+00  0.160882E+03
  0.312607E+01  0.159883E+03  0.112743E+03  0.000000E+00  0.000000E+00  0.000000E+00  0.151852E+03
  0.323203E+01  0.150898E+03  0.106408E+03  0.000000E+00  0.000000E+00  0.000000E+00  0.143319E+03
  0.334158E+01  0.142409E+03  0.100422E+03  0.000000E+00  0.000000E+00  0.000000E+00  0.135255E+03
  0.345484E+01  0.134388E+03  0.947664E+02  0.000000E+00  0.000000E+00  0.000000E+00  0.127638E+03
  0.357194E+01  0.126811E+03  0.894237E+02  0.000000E+00  0.000000E+00  0.000000E+00  0.120442E+03
  0.369301E+01  0.119654E+03  0.843766E+02  0.000000E+00  0.000000E+00  0.000000E+00  0.113644E+03
  0.381819E+01  0.112892E+03  0.796089E+02  0.000000E+00  0.000000E+00  0.000000E+00  0.107222E+03
  0.394761E+01  0.106506E+03  0.751057E+02  0.000000E+00  0.000000E+00  0.000000E+00  0.101156E+03
  0.408141E+01  0.100475E+03  0.708528E+02  0.000000E+00  0.000000E+00  0.000000E+00  0.954282E+02
  0.421975E+01  0.947797E+02  0.668368E+02  0.000000E+00  0.000000E+00  0.000000E+00  0.900190E+02
  0.436278E+01  0.894017E+02  0.630445E+02  0.000000E+00  0.000000E+00  0.000000E+00  0.849113E+02
  0.451066E+01  0.843236E+02  0.594636E+02  0.000000E+00  0.000000E+00  0.000000E+00  0.800882E+02
  0.466355E+01  0.795292E+02  0.560828E+02  0.000000E+00  0.000000E+00  0.000000E+00  0.755346E+02
  0.482162E+01  0.750027E+02  0.528908E+02  0.000000E+00  0.000000E+00  0.000000E+00  0.712355E+02
  0.498505E+01  0.707301E+02  0.498779E+02  0.000000E+00  0.000000E+00  0.000000E+00  0.671775E+02
  0.515402E+01  0.666970E+02  0.470339E+02  0.000000E+00  0.000000E+00  0.000000E+00  0.633470E+02
  0.532871E+01  0.628903E+02  0.443495E+02  0.000000E+00  0.000000E+00  0.000000E+00  0.597315E+02
  0.550933E+01  0.592973E+02  0.418157E+02  0.000000E+00  0.000000E+00  0.000000E+00  0.563190E+02
  0.569607E+01  0.559066E+02  0.394246E+02  0.000000E+00  0.000000E+00  0.000000E+00  0.530985E+02
  0.588914E+01  0.527069E+02  0.371682E+02  0.000000E+00  0.000000E+00  0.000000E+00  0.500596E+02
  0.608875E+01  0.496877E+02  0.350390E+02  0.000000E+00  0.000000E+00  0.000000E+00  0.471920E+02
  0.629513E+01  0.468388E+02  0.330300E+02  0.000000E+00  0.000000E+00  0.000000E+00  0.444862E+02
  0.650850E+01  0.441509E+02  0.311345E+02  0.000000E+00  0.000000E+00  0.000000E+00  0.419333E+02
  0.672911E+01  0.416151E+02  0.293462E+02  0.000000E+00  0.000000E+00  0.000000E+00  0.395249E+02
  0.695719E+01  0.392231E+02  0.276594E+02  0.000000E+00  0.000000E+00  0.000000E+00  0.372530E+02
  0.719301E+01  0.369666E+02  0.260680E+02  0.000000E+00  0.000000E+00  0.000000E+00  0.351098E+02
  0.743682E+01  0.348380E+02  0.245669E+02  0.000000E+00  0.000000E+00  0.000000E+00  0.330881E+02
  0.768889E+01  0.328305E+02  0.231512E+02  0.000000E+00  0.000000E+00  0.000000E+00  0.311815E+02
  0.794951E+01  0.309372E+02  0.218159E+02  0.000000E+00  0.000000E+00  0.000000E+00  0.293832E+02
  0.821895E+01  0.291517E+02  0.205567E+02  0.000000E+00  0.000000E+00  0.000000E+00  0.276873E+02
  0.849754E+01  0.274677E+02  0.193691E+02  0.000000E+00  0.000000E+00  0.000000E+00  0.260880E+02
  0.878556E+01  0.258800E+02  0.182494E+02  0.000000E+00  0.000000E+00  0.000000E+00  0.245800E+02
  0.908335E+01  0.243828E+02  0.171935E+02  0.000000E+00  0.000000E+00  0.000000E+00  0.231580E+02
  0.939123E+01  0.229712E+02  0.161980E+02  0.000000E+00  0.000000E+00  0.000000E+00  0.218173E+02
  0.970955E+01  0.216403E+02  0.152594E+02  0.000000E+00  0.000000E+00  0.000000E+00  0.205532E+02
  0.100386E+02  0.203856E+02  0.143745E+02  0.000000E+00  0.000000E+00  0.000000E+00  0.193615E+02
  0.103789E+02  0.192028E+02  0.135403E+02  0.000000E+00  0.000000E+00  0.000000E+00  0.182381E+02
  0.107307E+02  0.180878E+02  0.127540E+02  0.000000E+00  0.000000E+00  0.000000E+00  0.171791E+02
  0.110944E+02  0.170369E+02  0.120127E+02  0.000000E+00  0.000000E+00  0.000000E+00  0.161809E+02
  0.114705E+02  0.160463E+02  0.113141E+02  0.000000E+00  0.000000E+00  0.000000E+00  0.152401E+02
  0.118593E+02  0.151126E+02  0.106556E+02  0.000000E+00  0.000000E+00  0.000000E+00  0.143533E+02
  0.122612E+02  0.142326E+02  0.100350E+02  0.000000E+00  0.000000E+00  0.000000E+00  0.135175E+02
  0.126768E+02  0.134034E+02  0.945014E+01  0.000000E+00  0.000000E+00  0.000000E+00  0.127299E+02
  0.131065E+02  0.126219E+02  0.889897E+01  0.000000E+00  0.000000E+00  0.000000E+00  0.119876E+02
  0.135508E+02  0.118855E+02  0.837961E+01  0.000000E+00  0.000000E+00  0.000000E+00  0.112882E+02
  0.140101E+02  0.111917E+02  0.789023E+01  0.000000E+00  0.000000E+00  0.000000E+00  0.106292E+02
  0.144849E+02  0.105379E+02  0.742912E+01  0.000000E+00  0.000000E+00  0.000000E+00  0.100083E+02
  0.149759E+02  0.992190E+01  0.699465E+01  0.000000E+00  0.000000E+00  0.000000E+00  0.942318E+01
  0.154835E+02  0.934158E+01  0.658535E+01  0.000000E+00  0.000000E+00  0.000000E+00  0.887200E+01
  0.160083E+02  0.879482E+01  0.619971E+01  0.000000E+00  0.000000E+00  0.000000E+00  0.835269E+01
  0.165509E+02  0.827978E+01  0.583644E+01  0.000000E+00  0.000000E+00  0.000000E+00  0.786351E+01
  0.171119E+02  0.779460E+01  0.549424E+01  0.000000E+00  0.000000E+00  0.000000E+00  0.740269E+01
  0.176919E+02  0.733757E+01  0.517188E+01  0.000000E+00  0.000000E+00  0.000000E+00  0.696860E+01
  0.182916E+02  0.690709E+01  0.486825E+01  0.000000E+00  0.000000E+00  0.000000E+00  0.655973E+01
  0.189116E+02  0.650162E+01  0.458226E+01  0.000000E+00  0.000000E+00  0.000000E+00  0.617462E+01
  0.195526E+02  0.611973E+01  0.431289E+01  0.000000E+00  0.000000E+00  0.000000E+00  0.581190E+01
  0.202154E+02  0.576007E+01  0.405921E+01  0.000000E+00  0.000000E+00  0.000000E+00  0.547030E+01
  0.209006E+02  0.542136E+01  0.382029E+01  0.000000E+00  0.000000E+00  0.000000E+00  0.514858E+01
  0.216090E+02  0.510238E+01  0.359530E+01  0.000000E+00  0.000000E+00  0.000000E+00  0.484562E+01
  0.223414E+02  0.480201E+01  0.338343E+01  0.000000E+00  0.000000E+00  0.000000E+00  0.456032E+01
  0.230987E+02  0.451916E+01  0.318391E+01  0.000000E+00  0.000000E+00  0.000000E+00  0.429167E+01
  0.238816E+02  0.425283E+01  0.299605E+01  0.000000E+00  0.000000E+00  0.000000E+00  0.403871E+01
  0.246911E+02  0.400204E+01  0.281915E+01  0.000000E+00  0.000000E+00  0.000000E+00  0.380051E+01
  0.255280E+02  0.376594E+01  0.265260E+01  0.000000E+00  0.000000E+00  0.000000E+00  0.357626E+01
  0.263933E+02  0.354364E+01  0.249579E+01  0.000000E+00  0.000000E+00  0.000000E+00  0.336512E+01
  0.272879E+02  0.333436E+01  0.234816E+01  0.000000E+00  0.000000E+00  0.000000E+00  0.316634E+01
  0.282128E+02  0.313733E+01  0.220918E+01  0.000000E+00  0.000000E+00  0.000000E+00  0.297920E+01
  0.291691E+02  0.295186E+01  0.207834E+01  0.000000E+00  0.000000E+00  0.000000E+00  0.280304E+01
  0.301578E+02  0.277726E+01  0.195517E+01  0.000000E+00  0.000000E+00  0.000000E+00  0.263720E+01
  0.311800E+02  0.261291E+01  0.183923E+01  0.000000E+00  0.000000E+00  0.000000E+00  0.248110E+01
  0.322368E+02  0.245820E+01  0.173009E+01  0.000000E+00  0.000000E+00  0.000000E+00  0.233415E+01
  0.333295E+02  0.231258E+01  0.162736E+01  0.000000E+00  0.000000E+00  0.000000E+00  0.219584E+01
  0.344592E+02  0.217553E+01  0.153068E+01  0.000000E+00  0.000000E+00  0.000000E+00  0.206567E+01
  0.356272E+02  0.204653E+01  0.143967E+01  0.000000E+00  0.000000E+00  0.000000E+00  0.194314E+01
  0.368348E+02  0.192513E+01  0.135402E+01  0.000000E+00  0.000000E+00  0.000000E+00  0.182783E+01
  0.380833E+02  0.181087E+01  0.127341E+01  0.000000E+00  0.000000E+00  0.000000E+00  0.171931E+01
  0.393741E+02  0.170335E+01  0.119755E+01  0.000000E+00  0.000000E+00  0.000000E+00  0.161718E+01
  0.407088E+02  0.160216E+01  0.112616E+01  0.000000E+00  0.000000E+00  0.000000E+00  0.152107E+01
  0.420886E+02  0.150694E+01  0.105898E+01  0.000000E+00  0.000000E+00  0.000000E+00  0.143063E+01
  0.435152E+02  0.141734E+01  0.995760E+00  0.000000E+00  0.000000E+00  0.000000E+00  0.134552E+01
  0.449901E+02  0.133303E+01  0.936273E+00  0.000000E+00  0.000000E+00  0.000000E+00  0.126544E+01
  0.465151E+02  0.125370E+01  0.880297E+00  0.000000E+00  0.000000E+00  0.000000E+00  0.119008E+01
  0.480917E+02  0.117905E+01  0.827626E+00  0.000000E+00  0.000000E+00  0.000000E+00  0.111918E+01
  0.497218E+02  0.110882E+01  0.778071E+00  0.000000E+00  0.000000E+00  0.000000E+00  0.105247E+01
  0.514071E+02  0.104275E+01  0.731445E+00  0.000000E+00  0.000000E+00  0.000000E+00  0.989713E+00
  0.531495E+02  0.980585E+00  0.687577E+00  0.000000E+00  0.000000E+00  0.000000E+00  0.930665E+00
  0.549511E+02  0.922101E+00  0.646305E+00  0.000000E+00  0.000000E+00  0.000000E+00  0.875113E+00
  0.568136E+02  0.867083E+00  0.607479E+00  0.000000E+00  0.000000E+00  0.000000E+00  0.822855E+00
  0.587394E+02  0.815325E+00  0.570951E+00  0.000000E+00  0.000000E+00  0.000000E+00  0.773691E+00
  0.607303E+02  0.766638E+00  0.536590E+00  0.000000E+00  0.000000E+00  0.000000E+00  0.727444E+00
  0.627888E+02  0.720838E+00  0.504265E+00  0.000000E+00  0.000000E+00  0.000000E+00  0.683940E+00
  0.649170E+02  0.677757E+00  0.473858E+00  0.000000E+00  0.000000E+00  0.000000E+00  0.643019E+00
  0.671174E+02  0.637233E+00  0.445255E+00  0.000000E+00  0.000000E+00  0.000000E+00  0.604526E+00
  0.693923E+02  0.599119E+00  0.418351E+00  0.000000E+00  0.000000E+00  0.000000E+00  0.568321E+00
  0.717444E+02  0.563268E+00  0.393044E+00  0.000000E+00  0.000000E+00  0.000000E+00  0.534267E+00
  0.741761E+02  0.529550E+00  0.369241E+00  0.000000E+00  0.000000E+00  0.000000E+00  0.502238E+00
  0.766904E+02  0.497837E+00  0.346853E+00  0.000000E+00  0.000000E+00  0.000000E+00  0.472114E+00
  0.792898E+02  0.468012E+00  0.325797E+00  0.000000E+00  0.000000E+00  0.000000E+00  0.443783E+00
  0.819773E+02  0.439963E+00  0.305993E+00  0.000000E+00  0.000000E+00  0.000000E+00  0.417138E+00
  0.847559E+02  0.413584E+00  0.287367E+00  0.000000E+00  0.000000E+00  0.000000E+00  0.392081E+00
  0.876288E+02  0.388778E+00  0.269851E+00  0.000000E+00  0.000000E+00  0.000000E+00  0.368516E+00
  0.905989E+02  0.365450E+00  0.253378E+00  0.000000E+00  0.000000E+00  0.000000E+00  0.346356E+00
  0.936699E+02  0.343512E+00  0.237886E+00  0.000000E+00  0.000000E+00  0.000000E+00  0.325517E+00
  0.968448E+02  0.322884E+00  0.223317E+00  0.000000E+00  0.000000E+00  0.000000E+00  0.305921E+00
  0.100127E+03  0.303488E+00  0.209618E+00  0.000000E+00  0.000000E+00  0.000000E+00  0.287495E+00
  0.103521E+03  0.285250E+00  0.196736E+00  0.000000E+00  0.000000E+00  0.000000E+00  0.270170E+00
  0.107030E+03  0.268100E+00  0.184622E+00  0.000000E+00  0.000000E+00  0.000000E+00  0.253878E+00
  0.110658E+03  0.251977E+00  0.173232E+00  0.000000E+00  0.000000E+00  0.000000E+00  0.238561E+00
  0.114409E+03  0.236817E+00  0.162522E+00  0.000000E+00  0.000000E+00  0.000000E+00  0.224159E+00
  0.118286E+03  0.222563E+00  0.152451E+00  0.000000E+00  0.000000E+00  0.000000E+00  0.210618E+00
  0.122296E+03  0.209162E+00  0.142982E+00  0.000000E+00  0.000000E+00  0.000000E+00  0.197887E+00
  0.126441E+03  0.196563E+00  0.134080E+00  0.000000E+00  0.000000E+00  0.000000E+00  0.185918E+00
  0.130727E+03  0.184719E+00  0.125710E+00  0.000000E+00  0.000000E+00  0.000000E+00  0.174666E+00
  0.135158E+03  0.173584E+00  0.117841E+00  0.000000E+00  0.000000E+00  0.000000E+00  0.164087E+00
  0.139739E+03  0.163116E+00  0.110443E+00  0.000000E+00  0.000000E+00  0.000000E+00  0.154142E+00
  0.144475E+03  0.153276E+00  0.103488E+00  0.000000E+00  0.000000E+00  0.000000E+00  0.144794E+00
  0.149372E+03  0.144026E+00  0.969499E-01  0.000000E+00  0.000000E+00  0.000000E+00  0.136006E+00
  0.154436E+03  0.135330E+00  0.908033E-01  0.000000E+00  0.000000E+00  0.000000E+00  0.127744E+00
  0.159670E+03  0.127157E+00  0.850258E-01  0.000000E+00  0.000000E+00  0.000000E+00  0.119979E+00
  0.165082E+03  0.119474E+00  0.795949E-01  0.000000E+00  0.000000E+00  0.000000E+00  0.112679E+00
  0.170677E+03  0.112252E+00  0.744902E-01  0.000000E+00  0.000000E+00  0.000000E+00  0.105819E+00
  0.176463E+03  0.105464E+00  0.696919E-01  0.000000E+00  0.000000E+00  0.000000E+00  0.993694E-01
  0.182444E+03  0.990838E-01  0.651824E-01  0.000000E+00  0.000000E+00  0.000000E+00  0.933080E-01
  0.188628E+03  0.930873E-01  0.609442E-01  0.000000E+00  0.000000E+00  0.000000E+00  0.876110E-01
  0.195021E+03  0.874512E-01  0.569612E-01  0.000000E+00  0.000000E+00  0.000000E+00  0.822566E-01
  0.201632E+03  0.821538E-01  0.532181E-01  0.000000E+00  0.000000E+00  0.000000E+00  0.772240E-01
  0.208466E+03  0.771757E-01  0.497012E-01  0.000000E+00  0.000000E+00  0.000000E+00  0.724948E-01
  0.215532E+03  0.724970E-01  0.463966E-01  0.000000E+00  0.000000E+00  0.000000E+00  0.680502E-01
  0.222837E+03  0.681001E-01  0.432920E-01  0.000000E+00  0.000000E+00  0.000000E+00  0.638735E-01
  0.230391E+03  0.639677E-01  0.403752E-01  0.000000E+00  0.000000E+00  0.000000E+00  0.599483E-01
  0.238200E+03  0.600846E-01  0.376356E-01  0.000000E+00  0.000000E+00  0.000000E+00  0.562599E-01
  0.246273E+03  0.564355E-01  0.350625E-01  0.000000E+00  0.000000E+00  0.000000E+00  0.527942E-01
  0.254621E+03  0.530062E-01  0.326459E-01  0.000000E+00  0.000000E+00  0.000000E+00  0.495374E-01
  0.263252E+03  0.497839E-01  0.303769E-01  0.000000E+00  0.000000E+00  0.000000E+00  0.464775E-01
  0.272174E+03  0.467560E-01  0.282467E-01  0.000000E+00  0.000000E+00  0.000000E+00  0.436026E-01
  0.281400E+03  0.439108E-01  0.262473E-01  0.000000E+00  0.000000E+00  0.000000E+00  0.409015E-01
  0.290938E+03  0.412373E-01  0.243708E-01  0.000000E+00  0.000000E+00  0.000000E+00  0.383637E-01
  0.300799E+03  0.387254E-01  0.226104E-01  0.000000E+00  0.000000E+00  0.000000E+00  0.359799E-01
  0.310995E+03  0.363652E-01  0.209590E-01  0.000000E+00  0.000000E+00  0.000000E+00  0.337404E-01
  0.321536E+03  0.341476E-01  0.194105E-01  0.000000E+00  0.000000E+00  0.000000E+00  0.316368E-01
  0.332435E+03  0.320640E-01  0.179589E-01  0.000000E+00  0.000000E+00  0.000000E+00  0.296609E-01
  0.343702E+03  0.301065E-01  0.165987E-01  0.000000E+00  0.000000E+00  0.000000E+00  0.278052E-01
  0.355352E+03  0.282675E-01  0.153247E-01  0.000000E+00  0.000000E+00  0.000000E+00  0.260624E-01
  0.367397E+03  0.265398E-01  0.141319E-01  0.000000E+00  0.000000E+00  0.000000E+00  0.244258E-01
  0.379850E+03  0.249166E-01  0.130157E-01  0.000000E+00  0.000000E+00  0.000000E+00  0.228890E-01
  0.392725E+03  0.233917E-01  0.119719E-01  0.000000E+00  0.000000E+00  0.000000E+00  0.214461E-01
  0.406036E+03  0.219593E-01  0.109964E-01  0.000000E+00  0.000000E+00  0.000000E+00  0.200915E-01
  0.419799E+03  0.206137E-01  0.100854E-01  0.000000E+00  0.000000E+00  0.000000E+00  0.188200E-01
  0.434028E+03  0.193497E-01  0.923540E-02  0.000000E+00  0.000000E+00  0.000000E+00  0.176265E-01
  0.448740E+03  0.181625E-01  0.844298E-02  0.000000E+00  0.000000E+00  0.000000E+00  0.165066E-01
  0.463949E+03  0.170474E-01  0.770503E-02  0.000000E+00  0.000000E+00  0.000000E+00  0.154557E-01
  0.479676E+03  0.159999E-01  0.701851E-02  0.000000E+00  0.000000E+00  0.000000E+00  0.144698E-01
  0.495934E+03  0.150162E-01  0.638076E-02  0.000000E+00  0.000000E+00  0.000000E+00  0.135450E-01
  0.512744E+03  0.140923E-01  0.578911E-02  0.000000E+00  0.000000E+00  0.000000E+00  0.126777E-01
  0.530123E+03  0.132247E-01  0.524109E-02  0.000000E+00  0.000000E+00  0.000000E+00  0.118645E-01
  0.548092E+03  0.124099E-01  0.473432E-02  0.000000E+00  0.000000E+00  0.000000E+00  0.111022E-01
  0.566670E+03  0.116447E-01  0.426664E-02  0.000000E+00  0.000000E+00  0.000000E+00  0.103877E-01
  0.585877E+03  0.109263E-01  0.383593E-02  0.000000E+00  0.000000E+00  0.000000E+00  0.971830E-02
  0.605735E+03  0.102517E-01  0.344019E-02  0.000000E+00  0.000000E+00  0.000000E+00  0.909122E-02
  0.626267E+03  0.961830E-02  0.307747E-02  0.000000E+00  0.000000E+00  0.000000E+00  0.850394E-02
  0.647494E+03  0.902367E-02  0.274600E-02  0.000000E+00  0.000000E+00  0.000000E+00  0.795414E-02
  0.669441E+03  0.846544E-02  0.244396E-02  0.000000E+00  0.000000E+00  0.000000E+00  0.743956E-02
  0.692132E+03  0.794141E-02  0.216967E-02  0.000000E+00  0.000000E+00  0.000000E+00  0.695808E-02
  0.715592E+03  0.744954E-02  0.192146E-02  0.000000E+00  0.000000E+00  0.000000E+00  0.650772E-02
  0.739846E+03  0.698790E-02  0.169774E-02  0.000000E+00  0.000000E+00  0.000000E+00  0.608661E-02
  0.764923E+03  0.655463E-02  0.149692E-02  0.000000E+00  0.000000E+00  0.000000E+00  0.569295E-02
  0.790852E+03  0.614800E-02  0.131744E-02  0.000000E+00  0.000000E+00  0.000000E+00  0.532502E-02
  0.817657E+03  0.576649E-02  0.115781E-02  0.000000E+00  0.000000E+00  0.000000E+00  0.498130E-02
  0.845371E+03  0.540851E-02  0.101651E-02  0.000000E+00  0.000000E+00  0.000000E+00  0.466024E-02
  0.874025E+03  0.507266E-02  0.892085E-03  0.000000E+00  0.000000E+00  0.000000E+00  0.436042E-02
  0.903651E+03  0.475758E-02  0.783054E-03  0.000000E+00  0.000000E+00  0.000000E+00  0.408044E-02
  0.934280E+03  0.446204E-02  0.688004E-03  0.000000E+00  0.000000E+00  0.000000E+00  0.381905E-02
  0.965947E+03  0.418484E-02  0.605522E-03  0.000000E+00  0.000000E+00  0.000000E+00  0.357503E-02
  0.998688E+03  0.392485E-02  0.534236E-03  0.000000E+00  0.000000E+00  0.000000E+00  0.334719E-02
  0.103254E+04  0.368102E-02  0.472810E-03  0.000000E+00  0.000000E+00  0.000000E+00  0.313443E-02
  0.106754E+04  0.345238E-02  0.419975E-03  0.000000E+00  0.000000E+00  0.000000E+00  0.293575E-02
  0.110372E+04  0.323798E-02  0.374508E-03  0.000000E+00  0.000000E+00  0.000000E+00  0.275013E-02
  0.114113E+04  0.303694E-02  0.335268E-03  0.000000E+00  0.000000E+00  0.000000E+00  0.257665E-02
  0.117981E+04  0.284845E-02  0.301210E-03  0.000000E+00  0.000000E+00  0.000000E+00  0.241448E-02
  0.121980E+04  0.267173E-02  0.271384E-03  0.000000E+00  0.000000E+00  0.000000E+00  0.226278E-02
  0.126115E+04  0.250604E-02  0.244955E-03  0.000000E+00  0.000000E+00  0.000000E+00  0.212082E-02
  0.130389E+04  0.235068E-02  0.221216E-03  0.000000E+00  0.000000E+00  0.000000E+00  0.198788E-02
  0.134809E+04  0.220503E-02  0.199593E-03  0.000000E+00  0.000000E+00  0.000000E+00  0.186336E-02
  0.139378E+04  0.206846E-02  0.179644E-03  0.000000E+00  0.000000E+00  0.000000E+00  0.174666E-02
  0.144102E+04  0.194040E-02  0.161060E-03  0.000000E+00  0.000000E+00  0.000000E+00  0.163725E-02
  0.148987E+04  0.182032E-02  0.143652E-03  0.000000E+00  0.000000E+00  0.000000E+00  0.153466E-02
  0.154037E+04  0.170771E-02  0.127343E-03  0.000000E+00  0.000000E+00  0.000000E+00  0.143846E-02
  0.159258E+04  0.160210E-02  0.112141E-03  0.000000E+00  0.000000E+00  0.000000E+00  0.134825E-02
  0.164656E+04  0.150306E-02  0.981117E-04  0.000000E+00  0.000000E+00  0.000000E+00  0.126370E-02
  0.170237E+04  0.141015E-02  0.853524E-04  0.000000E+00  0.000000E+00  0.000000E+00  0.118445E-02
  0.176007E+04  0.132301E-02  0.739608E-04  0.000000E+00  0.000000E+00  0.000000E+00  0.111021E-02
  0.181973E+04  0.124128E-02  0.640024E-04  0.000000E+00  0.000000E+00  0.000000E+00  0.104070E-02
  0.188141E+04  0.116459E-02  0.554899E-04  0.000000E+00  0.000000E+00  0.000000E+00  0.975635E-03
  0.194518E+04  0.109266E-02  0.483689E-04  0.000000E+00  0.000000E+00  0.000000E+00  0.914745E-03
  0.201111E+04  0.102518E-02  0.425118E-04  0.000000E+00  0.000000E+00  0.000000E+00  0.857766E-03
  0.207928E+04  0.961882E-03  0.377280E-04  0.000000E+00  0.000000E+00  0.000000E+00  0.804433E-03
  0.214976E+04  0.902493E-03  0.337844E-04  0.000000E+00  0.000000E+00  0.000000E+00  0.754491E-03
  0.222262E+04  0.846783E-03  0.304355E-04  0.000000E+00  0.000000E+00  0.000000E+00  0.707702E-03
  0.229796E+04  0.794522E-03  0.274554E-04  0.000000E+00  0.000000E+00  0.000000E+00  0.663837E-03
  0.237585E+04  0.745494E-03  0.246700E-04  0.000000E+00  0.000000E+00  0.000000E+00  0.622687E-03
  0.245638E+04  0.699494E-03  0.219779E-04  0.000000E+00  0.000000E+00  0.000000E+00  0.584066E-03
  0.253964E+04  0.656342E-03  0.193573E-04  0.000000E+00  0.000000E+00  0.000000E+00  0.547819E-03
  0.262572E+04  0.615857E-03  0.168533E-04  0.000000E+00  0.000000E+00  0.000000E+00  0.513804E-03
  0.271471E+04  0.577870E-03  0.145505E-04  0.000000E+00  0.000000E+00  0.000000E+00  0.481897E-03
  0.280673E+04  0.542227E-03  0.125369E-04  0.000000E+00  0.000000E+00  0.000000E+00  0.451984E-03
  0.290187E+04  0.508786E-03  0.108672E-04  0.000000E+00  0.000000E+00  0.000000E+00  0.423955E-03
  0.300022E+04  0.477407E-03  0.954013E-05  0.000000E+00  0.000000E+00  0.000000E+00  0.397696E-03
  0.310192E+04  0.447960E-03  0.849564E-05  0.000000E+00  0.000000E+00  0.000000E+00  0.373088E-03
  0.320706E+04  0.420333E-03  0.763579E-05  0.000000E+00  0.000000E+00  0.000000E+00  0.350022E-03
  0.331576E+04  0.394410E-03  0.685921E-05  0.000000E+00  0.000000E+00  0.000000E+00  0.328383E-03
  0.342815E+04  0.370086E-03  0.609762E-05  0.000000E+00  0.000000E+00  0.000000E+00  0.308073E-03
  0.354435E+04  0.347261E-03  0.533621E-05  0.000000E+00  0.000000E+00  0.000000E+00  0.289007E-03
  0.366448E+04  0.325844E-03  0.460883E-05  0.000000E+00  0.000000E+00  0.000000E+00  0.271115E-03
  0.378869E+04  0.305748E-03  0.396915E-05  0.000000E+00  0.000000E+00  0.000000E+00  0.254334E-03
  0.391711E+04  0.286890E-03  0.345397E-05  0.000000E+00  0.000000E+00  0.000000E+00  0.238601E-03
  0.404988E+04  0.269194E-03  0.305895E-05  0.000000E+00  0.000000E+00  0.000000E+00  0.223852E-03
  0.418715E+04  0.252589E-03  0.274195E-05  0.000000E+00  0.000000E+00  0.000000E+00  0.210023E-03
  0.432907E+04  0.237009E-03  0.245112E-05  0.000000E+00  0.000000E+00  0.000000E+00  0.197047E-03
  0.447581E+04  0.222388E-03  0.215794E-05  0.000000E+00  0.000000E+00  0.000000E+00  0.184867E-03
  0.462752E+04  0.208668E-03  0.187074E-05  0.000000E+00  0.000000E+00  0.000000E+00  0.173436E-03
  0.478437E+04  0.195795E-03  0.161846E-05  0.000000E+00  0.000000E+00  0.000000E+00  0.162713E-03
  0.494653E+04  0.183714E-03  0.141959E-05  0.000000E+00  0.000000E+00  0.000000E+00  0.152657E-03
  0.511420E+04  0.172378E-03  0.126427E-05  0.000000E+00  0.000000E+00  0.000000E+00  0.143225E-03
  0.528755E+04  0.161741E-03  0.112558E-05  0.000000E+00  0.000000E+00  0.000000E+00  0.134377E-03
  0.546677E+04  0.151760E-03  0.986736E-06  0.000000E+00  0.000000E+00  0.000000E+00  0.126072E-03
  0.565206E+04  0.142394E-03  0.854437E-06  0.000000E+00  0.000000E+00  0.000000E+00  0.118279E-03
  0.584365E+04  0.133604E-03  0.744554E-06  0.000000E+00  0.000000E+00  0.000000E+00  0.110969E-03
  0.604171E+04  0.125357E-03  0.659470E-06  0.000000E+00  0.000000E+00  0.000000E+00  0.104113E-03
  0.624650E+04  0.117618E-03  0.585879E-06  0.000000E+00  0.000000E+00  0.000000E+00  0.976795E-04
  0.645822E+04  0.110357E-03  0.513635E-06  0.000000E+00  0.000000E+00  0.000000E+00  0.916428E-04
  0.667713E+04  0.103543E-03  0.446950E-06  0.000000E+00  0.000000E+00  0.000000E+00  0.859782E-04
  0.690345E+04  0.971489E-04  0.392869E-06  0.000000E+00  0.000000E+00  0.000000E+00  0.806646E-04
  0.713744E+04  0.911494E-04  0.348074E-06  0.000000E+00  0.000000E+00  0.000000E+00  0.756796E-04
  0.737936E+04  0.855200E-04  0.305447E-06  0.000000E+00  0.000000E+00  0.000000E+00  0.710020E-04
  0.762949E+04  0.802373E-04  0.265917E-06  0.000000E+00  0.000000E+00  0.000000E+00  0.666125E-04
  0.788809E+04  0.752808E-04  0.233604E-06  0.000000E+00  0.000000E+00  0.000000E+00  0.624950E-04
  0.815546E+04  0.706299E-04  0.206405E-06  0.000000E+00  0.000000E+00  0.000000E+00  0.586319E-04
  0.843190E+04  0.662658E-04  0.180924E-06  0.000000E+00  0.000000E+00  0.000000E+00  0.550069E-04
  0.871769E+04  0.621711E-04  0.158545E-06  0.000000E+00  0.000000E+00  0.000000E+00  0.516060E-04
  0.901318E+04  0.583291E-04  0.139824E-06  0.000000E+00  0.000000E+00  0.000000E+00  0.484153E-04
  0.931867E+04  0.547240E-04  0.122622E-06  0.000000E+00  0.000000E+00  0.000000E+00  0.454215E-04
  0.963454E+04  0.513413E-04  0.107191E-06  0.000000E+00  0.000000E+00  0.000000E+00  0.426125E-04
  0.996110E+04  0.481674E-04  0.942986E-07  0.000000E+00  0.000000E+00  0.000000E+00  0.399772E-04
  0.102987E+05  0.451895E-04  0.828308E-07  0.000000E+00  0.000000E+00  0.000000E+00  0.375047E-04
  0.106478E+05  0.423954E-04  0.727385E-07  0.000000E+00  0.000000E+00  0.000000E+00  0.351848E-04
  0.110087E+05  0.397736E-04  0.640001E-07  0.000000E+00  0.000000E+00  0.000000E+00  0.330083E-04
  0.113819E+05  0.373138E-04  0.560386E-07  0.000000E+00  0.000000E+00  0.000000E+00  0.309662E-04
  0.117676E+05  0.350060E-04  0.491403E-07  0.000000E+00  0.000000E+00  0.000000E+00  0.290504E-04
  0.121665E+05  0.328406E-04  0.431569E-07  0.000000E+00  0.000000E+00  0.000000E+00  0.272529E-04
  0.125789E+05  0.308088E-04  0.379380E-07  0.000000E+00  0.000000E+00  0.000000E+00  0.255663E-04
  0.130053E+05  0.289026E-04  0.333413E-07  0.000000E+00  0.000000E+00  0.000000E+00  0.239841E-04
  0.134461E+05  0.271142E-04  0.292014E-07  0.000000E+00  0.000000E+00  0.000000E+00  0.224997E-04
  0.139018E+05  0.254362E-04  0.256092E-07  0.000000E+00  0.000000E+00  0.000000E+00  0.211070E-04
  0.143730E+05  0.238619E-04  0.225039E-07  0.000000E+00  0.000000E+00  0.000000E+00  0.198004E-04
  0.148602E+05  0.223849E-04  0.197898E-07  0.000000E+00  0.000000E+00  0.000000E+00  0.185746E-04
  0.153639E+05  0.209992E-04  0.173408E-07  0.000000E+00  0.000000E+00  0.000000E+00  0.174245E-04
  0.158847E+05  0.196990E-04  0.151970E-07  0.000000E+00  0.000000E+00  0.000000E+00  0.163454E-04
  0.164231E+05  0.184793E-04  0.133618E-07  0.000000E+00  0.000000E+00  0.000000E+00  0.153332E-04
  0.169797E+05  0.173350E-04  0.117414E-07  0.000000E+00  0.000000E+00  0.000000E+00  0.143836E-04
  0.175553E+05  0.162614E-04  0.102812E-07  0.000000E+00  0.000000E+00  0.000000E+00  0.134927E-04
  0.181503E+05  0.152541E-04  0.902263E-08  0.000000E+00  0.000000E+00  0.000000E+00  0.126568E-04
  0.187655E+05  0.143092E-04  0.793789E-08  0.000000E+00  0.000000E+00  0.000000E+00  0.118727E-04
  0.194016E+05  0.134228E-04  0.695435E-08  0.000000E+00  0.000000E+00  0.000000E+00  0.111371E-04
  0.200592E+05  0.125911E-04  0.609741E-08  0.000000E+00  0.000000E+00  0.000000E+00  0.104470E-04
  0.207391E+05  0.118109E-04  0.536553E-08  0.000000E+00  0.000000E+00  0.000000E+00  0.979958E-05
  0.214421E+05  0.110790E-04  0.469918E-08  0.000000E+00  0.000000E+00  0.000000E+00  0.919224E-05
  0.221688E+05  0.103923E-04  0.412323E-08  0.000000E+00  0.000000E+00  0.000000E+00  0.862248E-05
  0.229203E+05  0.974813E-05  0.362639E-08  0.000000E+00  0.000000E+00  0.000000E+00  0.808796E-05
  0.236971E+05  0.914385E-05  0.317308E-08  0.000000E+00  0.000000E+00  0.000000E+00  0.758655E-05
  0.245004E+05  0.857696E-05  0.279116E-08  0.000000E+00  0.000000E+00  0.000000E+00  0.711618E-05
  0.253308E+05  0.804517E-05  0.244676E-08  0.000000E+00  0.000000E+00  0.000000E+00  0.667493E-05
  0.261894E+05  0.754626E-05  0.214641E-08  0.000000E+00  0.000000E+00  0.000000E+00  0.626097E-05
  0.270771E+05  0.707828E-05  0.188619E-08  0.000000E+00  0.000000E+00  0.000000E+00  0.587268E-05
  0.279949E+05  0.663927E-05  0.165170E-08  0.000000E+00  0.000000E+00  0.000000E+00  0.550842E-05
  0.289437E+05  0.622745E-05  0.145301E-08  0.000000E+00  0.000000E+00  0.000000E+00  0.516673E-05
  0.299248E+05  0.584111E-05  0.127165E-08  0.000000E+00  0.000000E+00  0.000000E+00  0.484618E-05
  0.309391E+05  0.547872E-05  0.111881E-08  0.000000E+00  0.000000E+00  0.000000E+00  0.454550E-05
