656  
0.101956E-04  0.246720E+06  0.246720E+06  0.328958E+06  0.328958E+06  0.000000E+00  0.246720E+06
  0.105412E-04  0.246720E+06  0.246720E+06  0.328958E+06  0.328958E+06  0.000000E+00  0.246720E+06
  0.108984E-04  0.246720E+06  0.246720E+06  0.328958E+06  0.328958E+06  0.000000E+00  0.246720E+06
  0.112678E-04  0.246720E+06  0.246720E+06  0.328958E+06  0.328958E+06  0.000000E+00  0.246720E+06
  0.116498E-04  0.246720E+06  0.246720E+06  0.328958E+06  0.328957E+06  0.000000E+00  0.246720E+06
  0.120446E-04  0.246720E+06  0.246720E+06  0.328958E+06  0.328957E+06  0.000000E+00  0.246720E+06
  0.124529E-04  0.246720E+06  0.246720E+06  0.328957E+06  0.328957E+06  0.000000E+00  0.246720E+06
  0.128750E-04  0.246720E+06  0.246720E+06  0.328957E+06  0.328957E+06  0.000000E+00  0.246720E+06
  0.133114E-04  0.246720E+06  0.246720E+06  0.328957E+06  0.328957E+06  0.000000E+00  0.246720E+06
  0.137626E-04  0.246720E+06  0.246720E+06  0.328957E+06  0.328957E+06  0.000000E+00  0.246720E+06
  0.142291E-04  0.246720E+06  0.246720E+06  0.328957E+06  0.328956E+06  0.000000E+00  0.246720E+06
  0.147114E-04  0.246720E+06  0.246720E+06  0.328956E+06  0.328956E+06  0.000000E+00  0.246720E+06
  0.152100E-04  0.246720E+06  0.246720E+06  0.328956E+06  0.328956E+06  0.000000E+00  0.246720E+06
  0.157255E-04  0.246720E+06  0.246720E+06  0.328956E+06  0.328956E+06  0.000000E+00  0.246720E+06
  0.162586E-04  0.246720E+06  0.246720E+06  0.328956E+06  0.328955E+06  0.000000E+00  0.246720E+06
  0.168097E-04  0.246720E+06  0.246720E+06  0.328955E+06  0.328955E+06  0.000000E+00  0.246720E+06
  0.173794E-04  0.246720E+06  0.246720E+06  0.328955E+06  0.328955E+06  0.000000E+00  0.246720E+06
  0.179685E-04  0.246720E+06  0.246720E+06  0.328955E+06  0.328954E+06  0.000000E+00  0.246720E+06
  0.185775E-04  0.246720E+06  0.246720E+06  0.328954E+06  0.328954E+06  0.000000E+00  0.246720E+06
  0.192072E-04  0.246720E+06  0.246720E+06  0.328954E+06  0.328954E+06  0.000000E+00  0.246720E+06
  0.198583E-04  0.246720E+06  0.246720E+06  0.328954E+06  0.328953E+06  0.000000E+00  0.246720E+06
  0.205314E-04  0.246720E+06  0.246719E+06  0.328953E+06  0.328953E+06  0.000000E+00  0.246720E+06
  0.212273E-04  0.246720E+06  0.246719E+06  0.328953E+06  0.328952E+06  0.000000E+00  0.246720E+06
  0.219468E-04  0.246719E+06  0.246719E+06  0.328952E+06  0.328952E+06  0.000000E+00  0.246719E+06
  0.226907E-04  0.246719E+06  0.246719E+06  0.328952E+06  0.328951E+06  0.000000E+00  0.246719E+06
  0.234598E-04  0.246719E+06  0.246719E+06  0.328951E+06  0.328950E+06  0.000000E+00  0.246719E+06
  0.242549E-04  0.246719E+06  0.246719E+06  0.328951E+06  0.328950E+06  0.000000E+00  0.246719E+06
  0.250771E-04  0.246719E+06  0.246719E+06  0.328950E+06  0.328949E+06  0.000000E+00  0.246719E+06
  0.259270E-04  0.246719E+06  0.246719E+06  0.328949E+06  0.328948E+06  0.000000E+00  0.246719E+06
  0.268058E-04  0.246719E+06  0.246719E+06  0.328949E+06  0.328948E+06  0.000000E+00  0.246719E+06
  0.277144E-04  0.246719E+06  0.246719E+06  0.328948E+06  0.328947E+06  0.000000E+00  0.246719E+06
  0.286538E-04  0.246719E+06  0.246719E+06  0.328947E+06  0.328946E+06  0.000000E+00  0.246719E+06
  0.296250E-04  0.246719E+06  0.246719E+06  0.328946E+06  0.328945E+06  0.000000E+00  0.246719E+06
  0.306292E-04  0.246719E+06  0.246719E+06  0.328945E+06  0.328944E+06  0.000000E+00  0.246719E+06
  0.316674E-04  0.246719E+06  0.246719E+06  0.328944E+06  0.328943E+06  0.000000E+00  0.246719E+06
  0.327407E-04  0.246719E+06  0.246719E+06  0.328943E+06  0.328942E+06  0.000000E+00  0.246719E+06
  0.338505E-04  0.246719E+06  0.246719E+06  0.328942E+06  0.328940E+06  0.000000E+00  0.246719E+06
  0.349979E-04  0.246719E+06  0.246719E+06  0.328941E+06  0.328939E+06  0.000000E+00  0.246719E+06
  0.361841E-04  0.246719E+06  0.246719E+06  0.328940E+06  0.328938E+06  0.000000E+00  0.246719E+06
  0.374106E-04  0.246719E+06  0.246719E+06  0.328938E+06  0.328936E+06  0.000000E+00  0.246719E+06
  0.386786E-04  0.246719E+06  0.246719E+06  0.328937E+06  0.328934E+06  0.000000E+00  0.246719E+06
  0.399896E-04  0.246719E+06  0.246719E+06  0.328935E+06  0.328933E+06  0.000000E+00  0.246719E+06
  0.413451E-04  0.246719E+06  0.246718E+06  0.328934E+06  0.328931E+06  0.000000E+00  0.246719E+06
  0.427465E-04  0.246719E+06  0.246718E+06  0.328932E+06  0.328929E+06  0.000000E+00  0.246719E+06
  0.441954E-04  0.246718E+06  0.246718E+06  0.328930E+06  0.328927E+06  0.000000E+00  0.246718E+06
  0.456934E-04  0.246718E+06  0.246718E+06  0.328928E+06  0.328924E+06  0.000000E+00  0.246718E+06
  0.472422E-04  0.246718E+06  0.246718E+06  0.328926E+06  0.328922E+06  0.000000E+00  0.246718E+06
  0.488434E-04  0.246718E+06  0.246718E+06  0.328923E+06  0.328919E+06  0.000000E+00  0.246718E+06
  0.504990E-04  0.246718E+06  0.246718E+06  0.328921E+06  0.328916E+06  0.000000E+00  0.246718E+06
  0.522107E-04  0.246718E+06  0.246718E+06  0.328918E+06  0.328913E+06  0.000000E+00  0.246718E+06
  0.539803E-04  0.246718E+06  0.246718E+06  0.328915E+06  0.328910E+06  0.000000E+00  0.246718E+06
  0.558100E-04  0.246718E+06  0.246717E+06  0.328912E+06  0.328907E+06  0.000000E+00  0.246718E+06
  0.577017E-04  0.246718E+06  0.246717E+06  0.328909E+06  0.328903E+06  0.000000E+00  0.246717E+06
  0.596575E-04  0.246717E+06  0.246717E+06  0.328905E+06  0.328899E+06  0.000000E+00  0.246717E+06
  0.616796E-04  0.246717E+06  0.246717E+06  0.328902E+06  0.328895E+06  0.000000E+00  0.246717E+06
  0.637702E-04  0.246717E+06  0.246717E+06  0.328898E+06  0.328891E+06  0.000000E+00  0.246717E+06
  0.659317E-04  0.246717E+06  0.246716E+06  0.328893E+06  0.328886E+06  0.000000E+00  0.246717E+06
  0.681665E-04  0.246717E+06  0.246716E+06  0.328889E+06  0.328881E+06  0.000000E+00  0.246717E+06
  0.704770E-04  0.246716E+06  0.246716E+06  0.328884E+06  0.328875E+06  0.000000E+00  0.246716E+06
  0.728658E-04  0.246716E+06  0.246716E+06  0.328879E+06  0.328870E+06  0.000000E+00  0.246716E+06
  0.753356E-04  0.246716E+06  0.246715E+06  0.328873E+06  0.328863E+06  0.000000E+00  0.246716E+06
  0.778891E-04  0.246716E+06  0.246715E+06  0.328867E+06  0.328857E+06  0.000000E+00  0.246716E+06
  0.805292E-04  0.246715E+06  0.246715E+06  0.328861E+06  0.328850E+06  0.000000E+00  0.246715E+06
  0.832588E-04  0.246715E+06  0.246714E+06  0.328854E+06  0.328842E+06  0.000000E+00  0.246715E+06
  0.860808E-04  0.246715E+06  0.246714E+06  0.328846E+06  0.328834E+06  0.000000E+00  0.246715E+06
  0.889986E-04  0.246714E+06  0.246714E+06  0.328839E+06  0.328825E+06  0.000000E+00  0.246714E+06
  0.920152E-04  0.246714E+06  0.246713E+06  0.328830E+06  0.328816E+06  0.000000E+00  0.246714E+06
  0.951340E-04  0.246714E+06  0.246713E+06  0.328821E+06  0.328806E+06  0.000000E+00  0.246714E+06
  0.983586E-04  0.246713E+06  0.246712E+06  0.328812E+06  0.328796E+06  0.000000E+00  0.246713E+06
  0.101692E-03  0.246713E+06  0.246712E+06  0.328802E+06  0.328784E+06  0.000000E+00  0.246713E+06
  0.105139E-03  0.246712E+06  0.246711E+06  0.328791E+06  0.328772E+06  0.000000E+00  0.246712E+06
  0.108703E-03  0.246712E+06  0.246711E+06  0.328779E+06  0.328759E+06  0.000000E+00  0.246712E+06
  0.112388E-03  0.246711E+06  0.246710E+06  0.328767E+06  0.328745E+06  0.000000E+00  0.246711E+06
  0.116197E-03  0.246711E+06  0.246709E+06  0.328753E+06  0.328731E+06  0.000000E+00  0.246710E+06
  0.120135E-03  0.246710E+06  0.246709E+06  0.328739E+06  0.328715E+06  0.000000E+00  0.246710E+06
  0.124207E-03  0.246709E+06  0.246708E+06  0.328724E+06  0.328698E+06  0.000000E+00  0.246709E+06
  0.128417E-03  0.246709E+06  0.246707E+06  0.328708E+06  0.328680E+06  0.000000E+00  0.246708E+06
  0.132770E-03  0.246708E+06  0.246706E+06  0.328690E+06  0.328660E+06  0.000000E+00  0.246708E+06
  0.137271E-03  0.246707E+06  0.246705E+06  0.328672E+06  0.328640E+06  0.000000E+00  0.246707E+06
  0.141923E-03  0.246706E+06  0.246704E+06  0.328652E+06  0.328618E+06  0.000000E+00  0.246706E+06
  0.146734E-03  0.246705E+06  0.246703E+06  0.328631E+06  0.328594E+06  0.000000E+00  0.246705E+06
  0.151707E-03  0.246704E+06  0.246702E+06  0.328608E+06  0.328569E+06  0.000000E+00  0.246704E+06
  0.156849E-03  0.246703E+06  0.246701E+06  0.328584E+06  0.328542E+06  0.000000E+00  0.246703E+06
  0.162166E-03  0.246702E+06  0.246700E+06  0.328558E+06  0.328513E+06  0.000000E+00  0.246701E+06
  0.167663E-03  0.246701E+06  0.246698E+06  0.328530E+06  0.328483E+06  0.000000E+00  0.246700E+06
  0.173345E-03  0.246699E+06  0.246697E+06  0.328501E+06  0.328450E+06  0.000000E+00  0.246699E+06
  0.179221E-03  0.246698E+06  0.246695E+06  0.328469E+06  0.328415E+06  0.000000E+00  0.246697E+06
  0.185296E-03  0.246696E+06  0.246693E+06  0.328435E+06  0.328377E+06  0.000000E+00  0.246696E+06
  0.191576E-03  0.246695E+06  0.246691E+06  0.328399E+06  0.328337E+06  0.000000E+00  0.246694E+06
  0.198070E-03  0.246693E+06  0.246690E+06  0.328360E+06  0.328294E+06  0.000000E+00  0.246692E+06
  0.204784E-03  0.246691E+06  0.246687E+06  0.328319E+06  0.328248E+06  0.000000E+00  0.246691E+06
  0.211725E-03  0.246689E+06  0.246685E+06  0.328275E+06  0.328199E+06  0.000000E+00  0.246689E+06
  0.218901E-03  0.246687E+06  0.246683E+06  0.328228E+06  0.328147E+06  0.000000E+00  0.246686E+06
  0.226321E-03  0.246685E+06  0.246680E+06  0.328177E+06  0.328091E+06  0.000000E+00  0.246684E+06
  0.233992E-03  0.246682E+06  0.246678E+06  0.328123E+06  0.328031E+06  0.000000E+00  0.246682E+06
  0.241923E-03  0.246680E+06  0.246675E+06  0.328066E+06  0.327967E+06  0.000000E+00  0.246679E+06
  0.250123E-03  0.246677E+06  0.246672E+06  0.328004E+06  0.327899E+06  0.000000E+00  0.246676E+06
  0.258601E-03  0.246674E+06  0.246668E+06  0.327938E+06  0.327826E+06  0.000000E+00  0.246673E+06
  0.267366E-03  0.246671E+06  0.246665E+06  0.327868E+06  0.327748E+06  0.000000E+00  0.246670E+06
  0.276429E-03  0.246668E+06  0.246661E+06  0.327793E+06  0.327664E+06  0.000000E+00  0.246666E+06
  0.285798E-03  0.246664E+06  0.246657E+06  0.327713E+06  0.327575E+06  0.000000E+00  0.246663E+06
  0.295486E-03  0.246660E+06  0.246652E+06  0.327627E+06  0.327480E+06  0.000000E+00  0.246659E+06
  0.305501E-03  0.246656E+06  0.246648E+06  0.327535E+06  0.327378E+06  0.000000E+00  0.246655E+06
  0.315856E-03  0.246652E+06  0.246643E+06  0.327437E+06  0.327269E+06  0.000000E+00  0.246650E+06
  0.326562E-03  0.246647E+06  0.246638E+06  0.327332E+06  0.327153E+06  0.000000E+00  0.246645E+06
  0.337631E-03  0.246642E+06  0.246632E+06  0.327221E+06  0.327029E+06  0.000000E+00  0.246640E+06
  0.349075E-03  0.246637E+06  0.246626E+06  0.327101E+06  0.326896E+06  0.000000E+00  0.246635E+06
  0.360907E-03  0.246631E+06  0.246619E+06  0.326973E+06  0.326754E+06  0.000000E+00  0.246629E+06
  0.373140E-03  0.246625E+06  0.246612E+06  0.326837E+06  0.326603E+06  0.000000E+00  0.246623E+06
  0.385788E-03  0.246618E+06  0.246605E+06  0.326691E+06  0.326441E+06  0.000000E+00  0.246616E+06
  0.398864E-03  0.246611E+06  0.246597E+06  0.326535E+06  0.326268E+06  0.000000E+00  0.246609E+06
  0.412383E-03  0.246604E+06  0.246589E+06  0.326368E+06  0.326083E+06  0.000000E+00  0.246601E+06
  0.426361E-03  0.246596E+06  0.246580E+06  0.326190E+06  0.325886E+06  0.000000E+00  0.246593E+06
  0.440813E-03  0.246587E+06  0.246570E+06  0.326000E+06  0.325675E+06  0.000000E+00  0.246584E+06
  0.455754E-03  0.246578E+06  0.246560E+06  0.325797E+06  0.325449E+06  0.000000E+00  0.246575E+06
  0.471202E-03  0.246568E+06  0.246549E+06  0.325580E+06  0.325208E+06  0.000000E+00  0.246565E+06
  0.487173E-03  0.246558E+06  0.246537E+06  0.325348E+06  0.324951E+06  0.000000E+00  0.246554E+06
  0.503686E-03  0.246547E+06  0.246524E+06  0.325100E+06  0.324676E+06  0.000000E+00  0.246543E+06
  0.520759E-03  0.246535E+06  0.246511E+06  0.324835E+06  0.324383E+06  0.000000E+00  0.246531E+06
  0.538410E-03  0.246522E+06  0.246496E+06  0.324553E+06  0.324070E+06  0.000000E+00  0.246518E+06
  0.556659E-03  0.246508E+06  0.246481E+06  0.324251E+06  0.323735E+06  0.000000E+00  0.246504E+06
  0.575527E-03  0.246494E+06  0.246465E+06  0.323928E+06  0.323378E+06  0.000000E+00  0.246489E+06
  0.595035E-03  0.246478E+06  0.246447E+06  0.323584E+06  0.322996E+06  0.000000E+00  0.246473E+06
  0.615204E-03  0.246462E+06  0.246428E+06  0.323216E+06  0.322588E+06  0.000000E+00  0.246456E+06
  0.636056E-03  0.246444E+06  0.246408E+06  0.322823E+06  0.322153E+06  0.000000E+00  0.246438E+06
  0.657615E-03  0.246425E+06  0.246387E+06  0.322404E+06  0.321689E+06  0.000000E+00  0.246419E+06
  0.679905E-03  0.246405E+06  0.246364E+06  0.321956E+06  0.321193E+06  0.000000E+00  0.246398E+06
  0.702951E-03  0.246383E+06  0.246339E+06  0.321478E+06  0.320663E+06  0.000000E+00  0.246376E+06
  0.726777E-03  0.246360E+06  0.246313E+06  0.320968E+06  0.320098E+06  0.000000E+00  0.246352E+06
  0.751412E-03  0.246335E+06  0.246285E+06  0.320423E+06  0.319496E+06  0.000000E+00  0.246327E+06
  0.776881E-03  0.246309E+06  0.246255E+06  0.319842E+06  0.318852E+06  0.000000E+00  0.246300E+06
  0.803213E-03  0.246281E+06  0.246223E+06  0.319221E+06  0.318166E+06  0.000000E+00  0.246271E+06
  0.830438E-03  0.246251E+06  0.246189E+06  0.318559E+06  0.317434E+06  0.000000E+00  0.246240E+06
  0.858586E-03  0.246218E+06  0.246153E+06  0.317853E+06  0.316653E+06  0.000000E+00  0.246207E+06
  0.887688E-03  0.246184E+06  0.246114E+06  0.317099E+06  0.315820E+06  0.000000E+00  0.246172E+06
  0.917776E-03  0.246147E+06  0.246072E+06  0.316295E+06  0.314932E+06  0.000000E+00  0.246134E+06
  0.948884E-03  0.246108E+06  0.246028E+06  0.315438E+06  0.313985E+06  0.000000E+00  0.246094E+06
  0.981047E-03  0.246066E+06  0.245981E+06  0.314524E+06  0.312975E+06  0.000000E+00  0.246051E+06
  0.101430E-02  0.246021E+06  0.245930E+06  0.313549E+06  0.311899E+06  0.000000E+00  0.246006E+06
  0.104868E-02  0.245973E+06  0.245876E+06  0.312510E+06  0.310753E+06  0.000000E+00  0.245957E+06
  0.108422E-02  0.245922E+06  0.245818E+06  0.311403E+06  0.309532E+06  0.000000E+00  0.245904E+06
  0.112097E-02  0.245868E+06  0.245756E+06  0.310223E+06  0.308232E+06  0.000000E+00  0.245849E+06
  0.115897E-02  0.245809E+06  0.245690E+06  0.308966E+06  0.306847E+06  0.000000E+00  0.245789E+06
  0.119825E-02  0.245747E+06  0.245620E+06  0.307628E+06  0.305373E+06  0.000000E+00  0.245725E+06
  0.123887E-02  0.245680E+06  0.245545E+06  0.306202E+06  0.303805E+06  0.000000E+00  0.245657E+06
  0.128086E-02  0.245610E+06  0.245464E+06  0.304685E+06  0.302136E+06  0.000000E+00  0.245585E+06
  0.132427E-02  0.245534E+06  0.245378E+06  0.303070E+06  0.300362E+06  0.000000E+00  0.245507E+06
  0.136916E-02  0.245453E+06  0.245287E+06  0.301352E+06  0.298476E+06  0.000000E+00  0.245425E+06
  0.141557E-02  0.245367E+06  0.245189E+06  0.299525E+06  0.296471E+06  0.000000E+00  0.245336E+06
  0.146355E-02  0.245274E+06  0.245085E+06  0.297583E+06  0.294342E+06  0.000000E+00  0.245242E+06
  0.151316E-02  0.245176E+06  0.244974E+06  0.295519E+06  0.292081E+06  0.000000E+00  0.245142E+06
  0.156445E-02  0.245071E+06  0.244855E+06  0.293326E+06  0.289682E+06  0.000000E+00  0.245034E+06
  0.161747E-02  0.244959E+06  0.244728E+06  0.290998E+06  0.287137E+06  0.000000E+00  0.244920E+06
  0.167230E-02  0.244840E+06  0.244593E+06  0.288527E+06  0.284438E+06  0.000000E+00  0.244798E+06
  0.172898E-02  0.244712E+06  0.244448E+06  0.285906E+06  0.281580E+06  0.000000E+00  0.244667E+06
  0.178758E-02  0.244577E+06  0.244294E+06  0.283127E+06  0.278552E+06  0.000000E+00  0.244528E+06
  0.184817E-02  0.244432E+06  0.244130E+06  0.280182E+06  0.275349E+06  0.000000E+00  0.244380E+06
  0.191082E-02  0.244277E+06  0.243955E+06  0.277063E+06  0.271962E+06  0.000000E+00  0.244222E+06
  0.197559E-02  0.244113E+06  0.243768E+06  0.273763E+06  0.268383E+06  0.000000E+00  0.244054E+06
  0.204255E-02  0.243937E+06  0.243569E+06  0.270273E+06  0.264604E+06  0.000000E+00  0.243874E+06
  0.211178E-02  0.243750E+06  0.243357E+06  0.266586E+06  0.260618E+06  0.000000E+00  0.243683E+06
  0.218336E-02  0.243551E+06  0.243131E+06  0.262692E+06  0.256418E+06  0.000000E+00  0.243480E+06
  0.225737E-02  0.243339E+06  0.242890E+06  0.258585E+06  0.251996E+06  0.000000E+00  0.243262E+06
  0.233388E-02  0.243113E+06  0.242633E+06  0.254256E+06  0.247345E+06  0.000000E+00  0.243031E+06
  0.241299E-02  0.242873E+06  0.242360E+06  0.249698E+06  0.242460E+06  0.000000E+00  0.242785E+06
  0.249477E-02  0.242617E+06  0.242069E+06  0.244904E+06  0.237336E+06  0.000000E+00  0.242523E+06
  0.257933E-02  0.242345E+06  0.241759E+06  0.239869E+06  0.231967E+06  0.000000E+00  0.242245E+06
  0.266676E-02  0.242055E+06  0.241430E+06  0.234586E+06  0.226350E+06  0.000000E+00  0.241948E+06
  0.275715E-02  0.241747E+06  0.241079E+06  0.229051E+06  0.220483E+06  0.000000E+00  0.241633E+06
  0.285060E-02  0.241420E+06  0.240706E+06  0.223260E+06  0.214365E+06  0.000000E+00  0.241298E+06
  0.294723E-02  0.241072E+06  0.240310E+06  0.217211E+06  0.207997E+06  0.000000E+00  0.240942E+06
  0.304712E-02  0.240703E+06  0.239889E+06  0.210902E+06  0.201381E+06  0.000000E+00  0.240564E+06
  0.315041E-02  0.240311E+06  0.239441E+06  0.204336E+06  0.194523E+06  0.000000E+00  0.240163E+06
  0.325719E-02  0.239895E+06  0.238966E+06  0.197514E+06  0.187428E+06  0.000000E+00  0.239737E+06
  0.336759E-02  0.239454E+06  0.238462E+06  0.190442E+06  0.180108E+06  0.000000E+00  0.239285E+06
  0.348174E-02  0.238986E+06  0.237927E+06  0.183128E+06  0.172574E+06  0.000000E+00  0.238805E+06
  0.359975E-02  0.238490E+06  0.237359E+06  0.175581E+06  0.164843E+06  0.000000E+00  0.238297E+06
  0.372177E-02  0.237965E+06  0.236758E+06  0.167816E+06  0.156933E+06  0.000000E+00  0.237760E+06
  0.384792E-02  0.237410E+06  0.236120E+06  0.159849E+06  0.148868E+06  0.000000E+00  0.237190E+06
  0.397834E-02  0.236822E+06  0.235446E+06  0.151701E+06  0.140674E+06  0.000000E+00  0.236588E+06
  0.411319E-02  0.236201E+06  0.234732E+06  0.143396E+06  0.132382E+06  0.000000E+00  0.235951E+06
  0.425260E-02  0.235545E+06  0.233977E+06  0.134963E+06  0.124026E+06  0.000000E+00  0.235278E+06
  0.439675E-02  0.234853E+06  0.233179E+06  0.126435E+06  0.115645E+06  0.000000E+00  0.234568E+06
  0.454577E-02  0.234123E+06  0.232336E+06  0.117849E+06  0.107281E+06  0.000000E+00  0.233818E+06
  0.469985E-02  0.233353E+06  0.231447E+06  0.109246E+06  0.989809E+05  0.000000E+00  0.233028E+06
  0.485916E-02  0.232543E+06  0.230509E+06  0.100674E+06  0.907933E+05  0.000000E+00  0.232196E+06
  0.502386E-02  0.231690E+06  0.229521E+06  0.921812E+05  0.827704E+05  0.000000E+00  0.231321E+06
  0.519414E-02  0.230795E+06  0.228480E+06  0.838226E+05  0.749663E+05  0.000000E+00  0.230400E+06
  0.537020E-02  0.229854E+06  0.227385E+06  0.756554E+05  0.674361E+05  0.000000E+00  0.229433E+06
  0.555222E-02  0.228867E+06  0.226234E+06  0.677389E+05  0.602349E+05  0.000000E+00  0.228418E+06
  0.574042E-02  0.227832E+06  0.225026E+06  0.601345E+05  0.534162E+05  0.000000E+00  0.227354E+06
  0.593499E-02  0.226750E+06  0.223758E+06  0.529036E+05  0.470308E+05  0.000000E+00  0.226240E+06
  0.613615E-02  0.225618E+06  0.222428E+06  0.461066E+05  0.411247E+05  0.000000E+00  0.225074E+06
  0.634414E-02  0.224435E+06  0.221036E+06  0.398011E+05  0.357376E+05  0.000000E+00  0.223856E+06
  0.655917E-02  0.223201E+06  0.219580E+06  0.340399E+05  0.309008E+05  0.000000E+00  0.222584E+06
  0.678150E-02  0.221915E+06  0.218058E+06  0.288692E+05  0.266352E+05  0.000000E+00  0.221258E+06
  0.701136E-02  0.220577E+06  0.216469E+06  0.243258E+05  0.229499E+05  0.000000E+00  0.219877E+06
  0.724901E-02  0.219186E+06  0.214811E+06  0.204356E+05  0.198401E+05  0.000000E+00  0.218440E+06
  0.749471E-02  0.217741E+06  0.213084E+06  0.172104E+05  0.172867E+05  0.000000E+00  0.216948E+06
  0.774875E-02  0.216243E+06  0.211286E+06  0.146470E+05  0.152553E+05  0.000000E+00  0.215398E+06
  0.801139E-02  0.214690E+06  0.209417E+06  0.127243E+05  0.136962E+05  0.000000E+00  0.213792E+06
  0.828294E-02  0.213084E+06  0.207475E+06  0.114031E+05  0.125463E+05  0.000000E+00  0.212129E+06
  0.856369E-02  0.211424E+06  0.205460E+06  0.106254E+05  0.117304E+05  0.000000E+00  0.210408E+06
  0.885396E-02  0.209711E+06  0.203371E+06  0.103148E+05  0.111649E+05  0.000000E+00  0.208631E+06
  0.915407E-02  0.207944E+06  0.201206E+06  0.103789E+05  0.107621E+05  0.000000E+00  0.206796E+06
  0.946434E-02  0.206123E+06  0.198966E+06  0.107116E+05  0.104352E+05  0.000000E+00  0.204904E+06
  0.978514E-02  0.204249E+06  0.196648E+06  0.111983E+05  0.101048E+05  0.000000E+00  0.202954E+06
  0.101168E-01  0.202322E+06  0.194254E+06  0.117214E+05  0.970459E+04  0.000000E+00  0.200947E+06
  0.104597E-01  0.200341E+06  0.191781E+06  0.121676E+05  0.918746E+04  0.000000E+00  0.198883E+06
  0.108143E-01  0.198308E+06  0.189229E+06  0.124356E+05  0.853035E+04  0.000000E+00  0.196761E+06
  0.111808E-01  0.196221E+06  0.186597E+06  0.124442E+05  0.773710E+04  0.000000E+00  0.194581E+06
  0.115598E-01  0.194081E+06  0.183884E+06  0.121402E+05  0.683878E+04  0.000000E+00  0.192344E+06
  0.119516E-01  0.191888E+06  0.181089E+06  0.115040E+05  0.589071E+04  0.000000E+00  0.190048E+06
  0.123567E-01  0.189641E+06  0.178212E+06  0.105540E+05  0.496586E+04  0.000000E+00  0.187694E+06
  0.127755E-01  0.187341E+06  0.175251E+06  0.934574E+04  0.414497E+04  0.000000E+00  0.185281E+06
  0.132086E-01  0.184986E+06  0.172206E+06  0.796865E+04  0.350397E+04  0.000000E+00  0.182809E+06
  0.136563E-01  0.182577E+06  0.169077E+06  0.653650E+04  0.310056E+04  0.000000E+00  0.180277E+06
  0.141191E-01  0.180115E+06  0.165863E+06  0.517419E+04  0.296182E+04  0.000000E+00  0.177687E+06
  0.145977E-01  0.177598E+06  0.162564E+06  0.400112E+04  0.307574E+04  0.000000E+00  0.175036E+06
  0.150925E-01  0.175026E+06  0.159182E+06  0.311280E+04  0.338895E+04  0.000000E+00  0.172327E+06
  0.156041E-01  0.172401E+06  0.155716E+06  0.000000E+00  0.000000E+00  0.000000E+00  0.169559E+06
  0.161330E-01  0.169720E+06  0.152165E+06  0.000000E+00  0.000000E+00  0.000000E+00  0.166729E+06
  0.166798E-01  0.166987E+06  0.148535E+06  0.000000E+00  0.000000E+00  0.000000E+00  0.163843E+06
  0.172452E-01  0.164202E+06  0.144828E+06  0.000000E+00  0.000000E+00  0.000000E+00  0.160901E+06
  0.178297E-01  0.161367E+06  0.141046E+06  0.000000E+00  0.000000E+00  0.000000E+00  0.157905E+06
  0.184340E-01  0.158482E+06  0.137195E+06  0.000000E+00  0.000000E+00  0.000000E+00  0.154855E+06
  0.190588E-01  0.155549E+06  0.133277E+06  0.000000E+00  0.000000E+00  0.000000E+00  0.151755E+06
  0.197048E-01  0.152569E+06  0.129299E+06  0.000000E+00  0.000000E+00  0.000000E+00  0.148605E+06
  0.203727E-01  0.149545E+06  0.125266E+06  0.000000E+00  0.000000E+00  0.000000E+00  0.145409E+06
  0.210633E-01  0.146478E+06  0.121187E+06  0.000000E+00  0.000000E+00  0.000000E+00  0.142169E+06
  0.217772E-01  0.143371E+06  0.117069E+06  0.000000E+00  0.000000E+00  0.000000E+00  0.138890E+06
  0.225154E-01  0.140228E+06  0.112923E+06  0.000000E+00  0.000000E+00  0.000000E+00  0.135576E+06
  0.232785E-01  0.137050E+06  0.108758E+06  0.000000E+00  0.000000E+00  0.000000E+00  0.132230E+06
  0.240676E-01  0.133844E+06  0.104587E+06  0.000000E+00  0.000000E+00  0.000000E+00  0.128859E+06
  0.248833E-01  0.130611E+06  0.100424E+06  0.000000E+00  0.000000E+00  0.000000E+00  0.125468E+06
  0.257268E-01  0.127359E+06  0.962836E+05  0.000000E+00  0.000000E+00  0.000000E+00  0.122064E+06
  0.265988E-01  0.124091E+06  0.921817E+05  0.000000E+00  0.000000E+00  0.000000E+00  0.118654E+06
  0.275003E-01  0.120813E+06  0.881359E+05  0.000000E+00  0.000000E+00  0.000000E+00  0.115246E+06
  0.284325E-01  0.117534E+06  0.841649E+05  0.000000E+00  0.000000E+00  0.000000E+00  0.111849E+06
  0.293962E-01  0.114258E+06  0.802885E+05  0.000000E+00  0.000000E+00  0.000000E+00  0.108471E+06
  0.303926E-01  0.110994E+06  0.765274E+05  0.000000E+00  0.000000E+00  0.000000E+00  0.105122E+06
  0.314227E-01  0.107751E+06  0.729031E+05  0.000000E+00  0.000000E+00  0.000000E+00  0.101814E+06
  0.324878E-01  0.104524E+06  0.694251E+05  0.000000E+00  0.000000E+00  0.000000E+00  0.985441E+05
  0.335890E-01  0.101910E+06  0.666910E+05  0.000000E+00  0.000000E+00  0.000000E+00  0.959098E+05
  0.347275E-01  0.987522E+05  0.635762E+05  0.000000E+00  0.000000E+00  0.000000E+00  0.927593E+05
  0.359046E-01  0.956491E+05  0.606808E+05  0.000000E+00  0.000000E+00  0.000000E+00  0.896916E+05
  0.371216E-01  0.926108E+05  0.580236E+05  0.000000E+00  0.000000E+00  0.000000E+00  0.867182E+05
  0.383798E-01  0.896470E+05  0.556208E+05  0.000000E+00  0.000000E+00  0.000000E+00  0.838499E+05
  0.396807E-01  0.867662E+05  0.534844E+05  0.000000E+00  0.000000E+00  0.000000E+00  0.810959E+05
  0.410257E-01  0.839756E+05  0.516214E+05  0.000000E+00  0.000000E+00  0.000000E+00  0.784634E+05
  0.424162E-01  0.809428E+05  0.497008E+05  0.000000E+00  0.000000E+00  0.000000E+00  0.756201E+05
  0.438539E-01  0.783408E+05  0.483770E+05  0.000000E+00  0.000000E+00  0.000000E+00  0.732358E+05
  0.453404E-01  0.758362E+05  0.473073E+05  0.000000E+00  0.000000E+00  0.000000E+00  0.709757E+05
  0.468772E-01  0.734289E+05  0.464719E+05  0.000000E+00  0.000000E+00  0.000000E+00  0.688362E+05
  0.484661E-01  0.711174E+05  0.458443E+05  0.000000E+00  0.000000E+00  0.000000E+00  0.668116E+05
  0.501089E-01  0.689018E+05  0.453936E+05  0.000000E+00  0.000000E+00  0.000000E+00  0.648967E+05
  0.518073E-01  0.669566E+05  0.452549E+05  0.000000E+00  0.000000E+00  0.000000E+00  0.632593E+05
  0.535634E-01  0.649229E+05  0.450344E+05  0.000000E+00  0.000000E+00  0.000000E+00  0.615345E+05
  0.553789E-01  0.629725E+05  0.448566E+05  0.000000E+00  0.000000E+00  0.000000E+00  0.598861E+05
  0.572560E-01  0.610939E+05  0.446635E+05  0.000000E+00  0.000000E+00  0.000000E+00  0.582947E+05
  0.591966E-01  0.592712E+05  0.443924E+05  0.000000E+00  0.000000E+00  0.000000E+00  0.567363E+05
  0.612031E-01  0.573586E+05  0.438552E+05  0.000000E+00  0.000000E+00  0.000000E+00  0.550580E+05
  0.632776E-01  0.555872E+05  0.432398E+05  0.000000E+00  0.000000E+00  0.000000E+00  0.534836E+05
  0.654224E-01  0.538205E+05  0.423800E+05  0.000000E+00  0.000000E+00  0.000000E+00  0.518714E+05
  0.676399E-01  0.520494E+05  0.412466E+05  0.000000E+00  0.000000E+00  0.000000E+00  0.502089E+05
  0.699326E-01  0.502686E+05  0.398282E+05  0.000000E+00  0.000000E+00  0.000000E+00  0.484899E+05
  0.723029E-01  0.485356E+05  0.381907E+05  0.000000E+00  0.000000E+00  0.000000E+00  0.467732E+05
  0.747537E-01  0.467388E+05  0.362536E+05  0.000000E+00  0.000000E+00  0.000000E+00  0.449524E+05
  0.772874E-01  0.449210E+05  0.341039E+05  0.000000E+00  0.000000E+00  0.000000E+00  0.430781E+05
  0.799071E-01  0.430864E+05  0.318082E+05  0.000000E+00  0.000000E+00  0.000000E+00  0.411650E+05
  0.826156E-01  0.412513E+05  0.294585E+05  0.000000E+00  0.000000E+00  0.000000E+00  0.392422E+05
  0.854158E-01  0.394422E+05  0.271654E+05  0.000000E+00  0.000000E+00  0.000000E+00  0.373506E+05
  0.883110E-01  0.376892E+05  0.250437E+05  0.000000E+00  0.000000E+00  0.000000E+00  0.355348E+05
  0.913043E-01  0.360188E+05  0.231968E+05  0.000000E+00  0.000000E+00  0.000000E+00  0.338343E+05
  0.943991E-01  0.344495E+05  0.217028E+05  0.000000E+00  0.000000E+00  0.000000E+00  0.322778E+05
  0.975987E-01  0.329916E+05  0.206051E+05  0.000000E+00  0.000000E+00  0.000000E+00  0.308813E+05
  0.100907E+00  0.316485E+05  0.199068E+05  0.000000E+00  0.000000E+00  0.000000E+00  0.296481E+05
  0.104327E+00  0.304187E+05  0.195693E+05  0.000000E+00  0.000000E+00  0.000000E+00  0.285702E+05
  0.107863E+00  0.292958E+05  0.195135E+05  0.000000E+00  0.000000E+00  0.000000E+00  0.276292E+05
  0.111519E+00  0.282641E+05  0.196215E+05  0.000000E+00  0.000000E+00  0.000000E+00  0.267917E+05
  0.115299E+00  0.272928E+05  0.197445E+05  0.000000E+00  0.000000E+00  0.000000E+00  0.260068E+05
  0.119207E+00  0.263431E+05  0.197273E+05  0.000000E+00  0.000000E+00  0.000000E+00  0.252159E+05
  0.123248E+00  0.253833E+05  0.194442E+05  0.000000E+00  0.000000E+00  0.000000E+00  0.243714E+05
  0.127425E+00  0.243954E+05  0.188248E+05  0.000000E+00  0.000000E+00  0.000000E+00  0.234464E+05
  0.131745E+00  0.233716E+05  0.178640E+05  0.000000E+00  0.000000E+00  0.000000E+00  0.224333E+05
  0.136210E+00  0.223144E+05  0.166266E+05  0.000000E+00  0.000000E+00  0.000000E+00  0.213454E+05
  0.140827E+00  0.212414E+05  0.152423E+05  0.000000E+00  0.000000E+00  0.000000E+00  0.202193E+05
  0.145600E+00  0.201832E+05  0.138816E+05  0.000000E+00  0.000000E+00  0.000000E+00  0.191096E+05
  0.150535E+00  0.191791E+05  0.127191E+05  0.000000E+00  0.000000E+00  0.000000E+00  0.180785E+05
  0.155638E+00  0.182640E+05  0.118847E+05  0.000000E+00  0.000000E+00  0.000000E+00  0.171771E+05
  0.160913E+00  0.174532E+05  0.114209E+05  0.000000E+00  0.000000E+00  0.000000E+00  0.164255E+05
  0.166367E+00  0.167400E+05  0.112685E+05  0.000000E+00  0.000000E+00  0.000000E+00  0.158078E+05
  0.172006E+00  0.160968E+05  0.112811E+05  0.000000E+00  0.000000E+00  0.000000E+00  0.152763E+05
  0.177837E+00  0.154853E+05  0.112723E+05  0.000000E+00  0.000000E+00  0.000000E+00  0.147675E+05
  0.183864E+00  0.148704E+05  0.110790E+05  0.000000E+00  0.000000E+00  0.000000E+00  0.142245E+05
  0.190096E+00  0.142255E+05  0.106147E+05  0.000000E+00  0.000000E+00  0.000000E+00  0.136104E+05
  0.196540E+00  0.135477E+05  0.990827E+04  0.000000E+00  0.000000E+00  0.000000E+00  0.129277E+05
  0.203202E+00  0.128613E+05  0.909547E+04  0.000000E+00  0.000000E+00  0.000000E+00  0.122197E+05
  0.210089E+00  0.122009E+05  0.835363E+04  0.000000E+00  0.000000E+00  0.000000E+00  0.115454E+05
  0.217210E+00  0.115977E+05  0.782250E+04  0.000000E+00  0.000000E+00  0.000000E+00  0.109545E+05
  0.224572E+00  0.110703E+05  0.754351E+04  0.000000E+00  0.000000E+00  0.000000E+00  0.104694E+05
  0.232184E+00  0.106022E+05  0.742799E+04  0.000000E+00  0.000000E+00  0.000000E+00  0.100614E+05
  0.240054E+00  0.101603E+05  0.731818E+04  0.000000E+00  0.000000E+00  0.000000E+00  0.967606E+04
  0.248191E+00  0.971406E+04  0.708051E+04  0.000000E+00  0.000000E+00  0.000000E+00  0.926538E+04
  0.256603E+00  0.924999E+04  0.668050E+04  0.000000E+00  0.000000E+00  0.000000E+00  0.881223E+04
  0.265301E+00  0.878040E+04  0.620007E+04  0.000000E+00  0.000000E+00  0.000000E+00  0.834079E+04
  0.274293E+00  0.833262E+04  0.577300E+04  0.000000E+00  0.000000E+00  0.000000E+00  0.789654E+04
  0.283590E+00  0.792796E+04  0.548543E+04  0.000000E+00  0.000000E+00  0.000000E+00  0.751183E+04
  0.293203E+00  0.756658E+04  0.531641E+04  0.000000E+00  0.000000E+00  0.000000E+00  0.718321E+04
  0.303141E+00  0.722633E+04  0.516289E+04  0.000000E+00  0.000000E+00  0.000000E+00  0.687478E+04
  0.313416E+00  0.688649E+04  0.493814E+04  0.000000E+00  0.000000E+00  0.000000E+00  0.655455E+04
  0.324039E+00  0.654342E+04  0.464342E+04  0.000000E+00  0.000000E+00  0.000000E+00  0.621972E+04
  0.335023E+00  0.621101E+04  0.435383E+04  0.000000E+00  0.000000E+00  0.000000E+00  0.589460E+04
  0.346378E+00  0.590437E+04  0.413393E+04  0.000000E+00  0.000000E+00  0.000000E+00  0.560274E+04
  0.358119E+00  0.562375E+04  0.397343E+04  0.000000E+00  0.000000E+00  0.000000E+00  0.534258E+04
  0.370257E+00  0.535552E+04  0.381062E+04  0.000000E+00  0.000000E+00  0.000000E+00  0.509231E+04
  0.382807E+00  0.509067E+04  0.361252E+04  0.000000E+00  0.000000E+00  0.000000E+00  0.483883E+04
  0.395783E+00  0.483295E+04  0.340639E+04  0.000000E+00  0.000000E+00  0.000000E+00  0.458990E+04
  0.409198E+00  0.459121E+04  0.323244E+04  0.000000E+00  0.000000E+00  0.000000E+00  0.435971E+04
  0.423068E+00  0.436604E+04  0.308828E+04  0.000000E+00  0.000000E+00  0.000000E+00  0.414835E+04
  0.437407E+00  0.415026E+04  0.294239E+04  0.000000E+00  0.000000E+00  0.000000E+00  0.394448E+04
  0.452233E+00  0.394085E+04  0.278645E+04  0.000000E+00  0.000000E+00  0.000000E+00  0.374418E+04
  0.467562E+00  0.374115E+04  0.264000E+04  0.000000E+00  0.000000E+00  0.000000E+00  0.355355E+04
  0.483410E+00  0.355344E+04  0.251183E+04  0.000000E+00  0.000000E+00  0.000000E+00  0.337598E+04
  0.499795E+00  0.337477E+04  0.238876E+04  0.000000E+00  0.000000E+00  0.000000E+00  0.320678E+04
  0.516736E+00  0.320313E+04  0.226464E+04  0.000000E+00  0.000000E+00  0.000000E+00  0.304324E+04
  0.534250E+00  0.303976E+04  0.214783E+04  0.000000E+00  0.000000E+00  0.000000E+00  0.288780E+04
  0.552359E+00  0.288518E+04  0.204045E+04  0.000000E+00  0.000000E+00  0.000000E+00  0.274126E+04
  0.571081E+00  0.273775E+04  0.193641E+04  0.000000E+00  0.000000E+00  0.000000E+00  0.260122E+04
  0.590438E+00  0.259709E+04  0.183597E+04  0.000000E+00  0.000000E+00  0.000000E+00  0.246742E+04
  0.610451E+00  0.246361E+04  0.174201E+04  0.000000E+00  0.000000E+00  0.000000E+00  0.234067E+04
  0.631142E+00  0.233669E+04  0.165258E+04  0.000000E+00  0.000000E+00  0.000000E+00  0.222014E+04
  0.652535E+00  0.221584E+04  0.156682E+04  0.000000E+00  0.000000E+00  0.000000E+00  0.210526E+04
  0.674653E+00  0.210103E+04  0.148576E+04  0.000000E+00  0.000000E+00  0.000000E+00  0.199621E+04
  0.697520E+00  0.199192E+04  0.140870E+04  0.000000E+00  0.000000E+00  0.000000E+00  0.189256E+04
  0.721163E+00  0.188817E+04  0.133526E+04  0.000000E+00  0.000000E+00  0.000000E+00  0.179397E+04
  0.745607E+00  0.178963E+04  0.126565E+04  0.000000E+00  0.000000E+00  0.000000E+00  0.170036E+04
  0.770879E+00  0.169597E+04  0.119942E+04  0.000000E+00  0.000000E+00  0.000000E+00  0.161138E+04
  0.797008E+00  0.160701E+04  0.113651E+04  0.000000E+00  0.000000E+00  0.000000E+00  0.152685E+04
  0.824022E+00  0.152253E+04  0.107680E+04  0.000000E+00  0.000000E+00  0.000000E+00  0.144659E+04
  0.851953E+00  0.144231E+04  0.102007E+04  0.000000E+00  0.000000E+00  0.000000E+00  0.137037E+04
  0.880830E+00  0.136616E+04  0.966231E+03  0.000000E+00  0.000000E+00  0.000000E+00  0.129802E+04
  0.910686E+00  0.129387E+04  0.915114E+03  0.000000E+00  0.000000E+00  0.000000E+00  0.122934E+04
  0.941553E+00  0.122527E+04  0.866612E+03  0.000000E+00  0.000000E+00  0.000000E+00  0.116417E+04
  0.973468E+00  0.116017E+04  0.820575E+03  0.000000E+00  0.000000E+00  0.000000E+00  0.110231E+04
  0.100646E+01  0.109840E+04  0.776897E+03  0.000000E+00  0.000000E+00  0.000000E+00  0.104362E+04
  0.104058E+01  0.103979E+04  0.735452E+03  0.000000E+00  0.000000E+00  0.000000E+00  0.987939E+03
  0.107585E+01  0.984200E+03  0.696143E+03  0.000000E+00  0.000000E+00  0.000000E+00  0.935124E+03
  0.111231E+01  0.931480E+03  0.658861E+03  0.000000E+00  0.000000E+00  0.000000E+00  0.885034E+03
  0.115002E+01  0.881492E+03  0.623511E+03  0.000000E+00  0.000000E+00  0.000000E+00  0.837539E+03
  0.118900E+01  0.834101E+03  0.589996E+03  0.000000E+00  0.000000E+00  0.000000E+00  0.792513E+03
  0.122930E+01  0.789169E+03  0.558219E+03  0.000000E+00  0.000000E+00  0.000000E+00  0.749822E+03
  0.127096E+01  0.746583E+03  0.528101E+03  0.000000E+00  0.000000E+00  0.000000E+00  0.709361E+03
  0.131404E+01  0.706225E+03  0.499559E+03  0.000000E+00  0.000000E+00  0.000000E+00  0.671015E+03
  0.135858E+01  0.667982E+03  0.472512E+03  0.000000E+00  0.000000E+00  0.000000E+00  0.634679E+03
  0.140463E+01  0.631747E+03  0.446885E+03  0.000000E+00  0.000000E+00  0.000000E+00  0.600252E+03
  0.145224E+01  0.597419E+03  0.422606E+03  0.000000E+00  0.000000E+00  0.000000E+00  0.567636E+03
  0.150147E+01  0.564897E+03  0.399604E+03  0.000000E+00  0.000000E+00  0.000000E+00  0.536736E+03
  0.155236E+01  0.534097E+03  0.377819E+03  0.000000E+00  0.000000E+00  0.000000E+00  0.507472E+03
  0.160498E+01  0.504930E+03  0.357191E+03  0.000000E+00  0.000000E+00  0.000000E+00  0.479760E+03
  0.165938E+01  0.477313E+03  0.337656E+03  0.000000E+00  0.000000E+00  0.000000E+00  0.453520E+03
  0.171562E+01  0.451166E+03  0.319162E+03  0.000000E+00  0.000000E+00  0.000000E+00  0.428676E+03
  0.177377E+01  0.426413E+03  0.301654E+03  0.000000E+00  0.000000E+00  0.000000E+00  0.405158E+03
  0.183390E+01  0.402985E+03  0.285083E+03  0.000000E+00  0.000000E+00  0.000000E+00  0.382898E+03
  0.189606E+01  0.380809E+03  0.269397E+03  0.000000E+00  0.000000E+00  0.000000E+00  0.361828E+03
  0.196032E+01  0.359822E+03  0.254552E+03  0.000000E+00  0.000000E+00  0.000000E+00  0.341887E+03
  0.202677E+01  0.339962E+03  0.240504E+03  0.000000E+00  0.000000E+00  0.000000E+00  0.323018E+03
  0.209547E+01  0.321173E+03  0.227213E+03  0.000000E+00  0.000000E+00  0.000000E+00  0.305165E+03
  0.216649E+01  0.303397E+03  0.214639E+03  0.000000E+00  0.000000E+00  0.000000E+00  0.288276E+03
  0.223993E+01  0.286583E+03  0.202745E+03  0.000000E+00  0.000000E+00  0.000000E+00  0.272300E+03
  0.231585E+01  0.270680E+03  0.191495E+03  0.000000E+00  0.000000E+00  0.000000E+00  0.257189E+03
  0.239434E+01  0.255639E+03  0.180855E+03  0.000000E+00  0.000000E+00  0.000000E+00  0.242898E+03
  0.247550E+01  0.241413E+03  0.170793E+03  0.000000E+00  0.000000E+00  0.000000E+00  0.229382E+03
  0.255941E+01  0.227963E+03  0.161278E+03  0.000000E+00  0.000000E+00  0.000000E+00  0.216602E+03
  0.264616E+01  0.215245E+03  0.152281E+03  0.000000E+00  0.000000E+00  0.000000E+00  0.204518E+03
  0.273585E+01  0.203222E+03  0.143776E+03  0.000000E+00  0.000000E+00  0.000000E+00  0.193094E+03
  0.282858E+01  0.191857E+03  0.135736E+03  0.000000E+00  0.000000E+00  0.000000E+00  0.182296E+03
  0.292446E+01  0.181115E+03  0.128136E+03  0.000000E+00  0.000000E+00  0.000000E+00  0.172089E+03
  0.302358E+01  0.170961E+03  0.120953E+03  0.000000E+00  0.000000E+00  0.000000E+00  0.162441E+03
  0.312607E+01  0.161365E+03  0.114165E+03  0.000000E+00  0.000000E+00  0.000000E+00  0.153324E+03
  0.323203E+01  0.152298E+03  0.107750E+03  0.000000E+00  0.000000E+00  0.000000E+00  0.144708E+03
  0.334158E+01  0.143729E+03  0.101688E+03  0.000000E+00  0.000000E+00  0.000000E+00  0.136567E+03
  0.345484E+01  0.135634E+03  0.959617E+02  0.000000E+00  0.000000E+00  0.000000E+00  0.128875E+03
  0.357194E+01  0.127987E+03  0.905516E+02  0.000000E+00  0.000000E+00  0.000000E+00  0.121609E+03
  0.369301E+01  0.120763E+03  0.854408E+02  0.000000E+00  0.000000E+00  0.000000E+00  0.114745E+03
  0.381819E+01  0.113939E+03  0.806130E+02  0.000000E+00  0.000000E+00  0.000000E+00  0.108261E+03
  0.394761E+01  0.107494E+03  0.760530E+02  0.000000E+00  0.000000E+00  0.000000E+00  0.102137E+03
  0.408141E+01  0.101406E+03  0.717465E+02  0.000000E+00  0.000000E+00  0.000000E+00  0.963533E+02
  0.421975E+01  0.956585E+02  0.676798E+02  0.000000E+00  0.000000E+00  0.000000E+00  0.908917E+02
  0.436278E+01  0.902307E+02  0.638397E+02  0.000000E+00  0.000000E+00  0.000000E+00  0.857344E+02
  0.451066E+01  0.851055E+02  0.602136E+02  0.000000E+00  0.000000E+00  0.000000E+00  0.808646E+02
  0.466355E+01  0.802666E+02  0.567901E+02  0.000000E+00  0.000000E+00  0.000000E+00  0.762669E+02
  0.482162E+01  0.756981E+02  0.535580E+02  0.000000E+00  0.000000E+00  0.000000E+00  0.719261E+02
  0.498505E+01  0.713859E+02  0.505070E+02  0.000000E+00  0.000000E+00  0.000000E+00  0.678288E+02
  0.515402E+01  0.673154E+02  0.476271E+02  0.000000E+00  0.000000E+00  0.000000E+00  0.639611E+02
  0.532871E+01  0.634734E+02  0.449088E+02  0.000000E+00  0.000000E+00  0.000000E+00  0.603106E+02
  0.550933E+01  0.598471E+02  0.423431E+02  0.000000E+00  0.000000E+00  0.000000E+00  0.568649E+02
  0.569607E+01  0.564249E+02  0.399219E+02  0.000000E+00  0.000000E+00  0.000000E+00  0.536133E+02
  0.588914E+01  0.531956E+02  0.376370E+02  0.000000E+00  0.000000E+00  0.000000E+00  0.505449E+02
  0.608875E+01  0.501484E+02  0.354810E+02  0.000000E+00  0.000000E+00  0.000000E+00  0.476495E+02
  0.629513E+01  0.472731E+02  0.334466E+02  0.000000E+00  0.000000E+00  0.000000E+00  0.449174E+02
  0.650850E+01  0.445603E+02  0.315272E+02  0.000000E+00  0.000000E+00  0.000000E+00  0.423398E+02
  0.672911E+01  0.420010E+02  0.297164E+02  0.000000E+00  0.000000E+00  0.000000E+00  0.399081E+02
  0.695719E+01  0.395868E+02  0.280082E+02  0.000000E+00  0.000000E+00  0.000000E+00  0.376142E+02
  0.719301E+01  0.373093E+02  0.263968E+02  0.000000E+00  0.000000E+00  0.000000E+00  0.354502E+02
  0.743682E+01  0.351610E+02  0.248768E+02  0.000000E+00  0.000000E+00  0.000000E+00  0.334089E+02
  0.768889E+01  0.331349E+02  0.234432E+02  0.000000E+00  0.000000E+00  0.000000E+00  0.314837E+02
  0.794951E+01  0.312241E+02  0.220911E+02  0.000000E+00  0.000000E+00  0.000000E+00  0.296681E+02
  0.821895E+01  0.294220E+02  0.208160E+02  0.000000E+00  0.000000E+00  0.000000E+00  0.279558E+02
  0.849754E+01  0.277224E+02  0.196134E+02  0.000000E+00  0.000000E+00  0.000000E+00  0.263409E+02
  0.878556E+01  0.261199E+02  0.184796E+02  0.000000E+00  0.000000E+00  0.000000E+00  0.248182E+02
  0.908335E+01  0.246089E+02  0.174104E+02  0.000000E+00  0.000000E+00  0.000000E+00  0.233825E+02
  0.939123E+01  0.231842E+02  0.164023E+02  0.000000E+00  0.000000E+00  0.000000E+00  0.220288E+02
  0.970955E+01  0.218409E+02  0.154518E+02  0.000000E+00  0.000000E+00  0.000000E+00  0.207524E+02
  0.100386E+02  0.205747E+02  0.145558E+02  0.000000E+00  0.000000E+00  0.000000E+00  0.195492E+02
  0.103789E+02  0.193809E+02  0.137111E+02  0.000000E+00  0.000000E+00  0.000000E+00  0.184149E+02
  0.107307E+02  0.182555E+02  0.129148E+02  0.000000E+00  0.000000E+00  0.000000E+00  0.173456E+02
  0.110944E+02  0.171948E+02  0.121642E+02  0.000000E+00  0.000000E+00  0.000000E+00  0.163378E+02
  0.114705E+02  0.161951E+02  0.114568E+02  0.000000E+00  0.000000E+00  0.000000E+00  0.153878E+02
  0.118593E+02  0.152527E+02  0.107900E+02  0.000000E+00  0.000000E+00  0.000000E+00  0.144924E+02
  0.122612E+02  0.143646E+02  0.101615E+02  0.000000E+00  0.000000E+00  0.000000E+00  0.136485E+02
  0.126768E+02  0.135277E+02  0.956932E+01  0.000000E+00  0.000000E+00  0.000000E+00  0.128533E+02
  0.131065E+02  0.127389E+02  0.901120E+01  0.000000E+00  0.000000E+00  0.000000E+00  0.121038E+02
  0.135508E+02  0.119957E+02  0.848528E+01  0.000000E+00  0.000000E+00  0.000000E+00  0.113977E+02
  0.140101E+02  0.112954E+02  0.798973E+01  0.000000E+00  0.000000E+00  0.000000E+00  0.107322E+02
  0.144849E+02  0.106356E+02  0.752280E+01  0.000000E+00  0.000000E+00  0.000000E+00  0.101053E+02
  0.149759E+02  0.100139E+02  0.708285E+01  0.000000E+00  0.000000E+00  0.000000E+00  0.951453E+01
  0.154835E+02  0.942819E+01  0.666839E+01  0.000000E+00  0.000000E+00  0.000000E+00  0.895800E+01
  0.160083E+02  0.887637E+01  0.627789E+01  0.000000E+00  0.000000E+00  0.000000E+00  0.843366E+01
  0.165509E+02  0.835655E+01  0.591004E+01  0.000000E+00  0.000000E+00  0.000000E+00  0.793974E+01
  0.171119E+02  0.786687E+01  0.556351E+01  0.000000E+00  0.000000E+00  0.000000E+00  0.747445E+01
  0.176919E+02  0.740560E+01  0.523709E+01  0.000000E+00  0.000000E+00  0.000000E+00  0.703615E+01
  0.182916E+02  0.697113E+01  0.492963E+01  0.000000E+00  0.000000E+00  0.000000E+00  0.662332E+01
  0.189116E+02  0.656190E+01  0.464003E+01  0.000000E+00  0.000000E+00  0.000000E+00  0.623447E+01
  0.195526E+02  0.617647E+01  0.436727E+01  0.000000E+00  0.000000E+00  0.000000E+00  0.586823E+01
  0.202154E+02  0.581348E+01  0.411039E+01  0.000000E+00  0.000000E+00  0.000000E+00  0.552332E+01
  0.209006E+02  0.547162E+01  0.386845E+01  0.000000E+00  0.000000E+00  0.000000E+00  0.519849E+01
  0.216090E+02  0.514969E+01  0.364063E+01  0.000000E+00  0.000000E+00  0.000000E+00  0.489259E+01
  0.223414E+02  0.484653E+01  0.342608E+01  0.000000E+00  0.000000E+00  0.000000E+00  0.460453E+01
  0.230987E+02  0.456106E+01  0.322405E+01  0.000000E+00  0.000000E+00  0.000000E+00  0.433327E+01
  0.238816E+02  0.429226E+01  0.303382E+01  0.000000E+00  0.000000E+00  0.000000E+00  0.407786E+01
  0.246911E+02  0.403915E+01  0.285468E+01  0.000000E+00  0.000000E+00  0.000000E+00  0.383735E+01
  0.255280E+02  0.380086E+01  0.268604E+01  0.000000E+00  0.000000E+00  0.000000E+00  0.361093E+01
  0.263933E+02  0.357649E+01  0.252725E+01  0.000000E+00  0.000000E+00  0.000000E+00  0.339773E+01
  0.272879E+02  0.336528E+01  0.237776E+01  0.000000E+00  0.000000E+00  0.000000E+00  0.319703E+01
  0.282128E+02  0.316642E+01  0.223702E+01  0.000000E+00  0.000000E+00  0.000000E+00  0.300808E+01
  0.291691E+02  0.297923E+01  0.210454E+01  0.000000E+00  0.000000E+00  0.000000E+00  0.283021E+01
  0.301578E+02  0.280301E+01  0.197981E+01  0.000000E+00  0.000000E+00  0.000000E+00  0.266276E+01
  0.311800E+02  0.263713E+01  0.186241E+01  0.000000E+00  0.000000E+00  0.000000E+00  0.250514E+01
  0.322368E+02  0.248099E+01  0.175189E+01  0.000000E+00  0.000000E+00  0.000000E+00  0.235677E+01
  0.333295E+02  0.233402E+01  0.164787E+01  0.000000E+00  0.000000E+00  0.000000E+00  0.221712E+01
  0.344592E+02  0.219570E+01  0.154996E+01  0.000000E+00  0.000000E+00  0.000000E+00  0.208568E+01
  0.356272E+02  0.206551E+01  0.145781E+01  0.000000E+00  0.000000E+00  0.000000E+00  0.196197E+01
  0.368348E+02  0.194298E+01  0.137108E+01  0.000000E+00  0.000000E+00  0.000000E+00  0.184554E+01
  0.380833E+02  0.182766E+01  0.128945E+01  0.000000E+00  0.000000E+00  0.000000E+00  0.173597E+01
  0.393741E+02  0.171914E+01  0.121264E+01  0.000000E+00  0.000000E+00  0.000000E+00  0.163285E+01
  0.407088E+02  0.161701E+01  0.114034E+01  0.000000E+00  0.000000E+00  0.000000E+00  0.153580E+01
  0.420886E+02  0.152091E+01  0.107232E+01  0.000000E+00  0.000000E+00  0.000000E+00  0.144449E+01
  0.435152E+02  0.143048E+01  0.100830E+01  0.000000E+00  0.000000E+00  0.000000E+00  0.135855E+01
  0.449901E+02  0.134539E+01  0.948061E+00  0.000000E+00  0.000000E+00  0.000000E+00  0.127770E+01
  0.465151E+02  0.126532E+01  0.891378E+00  0.000000E+00  0.000000E+00  0.000000E+00  0.120161E+01
  0.480917E+02  0.118998E+01  0.838043E+00  0.000000E+00  0.000000E+00  0.000000E+00  0.113002E+01
  0.497218E+02  0.111910E+01  0.787863E+00  0.000000E+00  0.000000E+00  0.000000E+00  0.106267E+01
  0.514071E+02  0.105242E+01  0.740649E+00  0.000000E+00  0.000000E+00  0.000000E+00  0.999300E+00
  0.531495E+02  0.989674E+00  0.696228E+00  0.000000E+00  0.000000E+00  0.000000E+00  0.939680E+00
  0.549511E+02  0.930648E+00  0.654435E+00  0.000000E+00  0.000000E+00  0.000000E+00  0.883589E+00
  0.568136E+02  0.875120E+00  0.615119E+00  0.000000E+00  0.000000E+00  0.000000E+00  0.830824E+00
  0.587394E+02  0.822882E+00  0.578130E+00  0.000000E+00  0.000000E+00  0.000000E+00  0.781183E+00
  0.607303E+02  0.773743E+00  0.543336E+00  0.000000E+00  0.000000E+00  0.000000E+00  0.734488E+00
  0.627888E+02  0.727519E+00  0.510603E+00  0.000000E+00  0.000000E+00  0.000000E+00  0.690563E+00
  0.649170E+02  0.684038E+00  0.479813E+00  0.000000E+00  0.000000E+00  0.000000E+00  0.649244E+00
  0.671174E+02  0.643139E+00  0.450848E+00  0.000000E+00  0.000000E+00  0.000000E+00  0.610378E+00
  0.693923E+02  0.604671E+00  0.423605E+00  0.000000E+00  0.000000E+00  0.000000E+00  0.573822E+00
  0.717444E+02  0.568488E+00  0.397979E+00  0.000000E+00  0.000000E+00  0.000000E+00  0.539438E+00
  0.741761E+02  0.534457E+00  0.373876E+00  0.000000E+00  0.000000E+00  0.000000E+00  0.507099E+00
  0.766904E+02  0.502450E+00  0.351205E+00  0.000000E+00  0.000000E+00  0.000000E+00  0.476682E+00
  0.792898E+02  0.472349E+00  0.329883E+00  0.000000E+00  0.000000E+00  0.000000E+00  0.448077E+00
  0.819773E+02  0.444039E+00  0.309830E+00  0.000000E+00  0.000000E+00  0.000000E+00  0.421174E+00
  0.847559E+02  0.417416E+00  0.290969E+00  0.000000E+00  0.000000E+00  0.000000E+00  0.395873E+00
  0.876288E+02  0.392379E+00  0.273232E+00  0.000000E+00  0.000000E+00  0.000000E+00  0.372080E+00
  0.905989E+02  0.368836E+00  0.256551E+00  0.000000E+00  0.000000E+00  0.000000E+00  0.349706E+00
  0.936699E+02  0.346694E+00  0.240863E+00  0.000000E+00  0.000000E+00  0.000000E+00  0.328664E+00
  0.968448E+02  0.325875E+00  0.226111E+00  0.000000E+00  0.000000E+00  0.000000E+00  0.308878E+00
  0.100127E+03  0.306299E+00  0.212239E+00  0.000000E+00  0.000000E+00  0.000000E+00  0.290274E+00
  0.103521E+03  0.287892E+00  0.199194E+00  0.000000E+00  0.000000E+00  0.000000E+00  0.272780E+00
  0.107030E+03  0.270583E+00  0.186928E+00  0.000000E+00  0.000000E+00  0.000000E+00  0.256331E+00
  0.110658E+03  0.254310E+00  0.175394E+00  0.000000E+00  0.000000E+00  0.000000E+00  0.240865E+00
  0.114409E+03  0.239009E+00  0.164548E+00  0.000000E+00  0.000000E+00  0.000000E+00  0.226323E+00
  0.118286E+03  0.224624E+00  0.154351E+00  0.000000E+00  0.000000E+00  0.000000E+00  0.212651E+00
  0.122296E+03  0.211098E+00  0.144763E+00  0.000000E+00  0.000000E+00  0.000000E+00  0.199797E+00
  0.126441E+03  0.198383E+00  0.135748E+00  0.000000E+00  0.000000E+00  0.000000E+00  0.187712E+00
  0.130727E+03  0.186429E+00  0.127272E+00  0.000000E+00  0.000000E+00  0.000000E+00  0.176350E+00
  0.135158E+03  0.175191E+00  0.119304E+00  0.000000E+00  0.000000E+00  0.000000E+00  0.165669E+00
  0.139739E+03  0.164625E+00  0.111813E+00  0.000000E+00  0.000000E+00  0.000000E+00  0.155628E+00
  0.144475E+03  0.154694E+00  0.104770E+00  0.000000E+00  0.000000E+00  0.000000E+00  0.146188E+00
  0.149372E+03  0.145358E+00  0.981494E-01  0.000000E+00  0.000000E+00  0.000000E+00  0.137315E+00
  0.154436E+03  0.136582E+00  0.919252E-01  0.000000E+00  0.000000E+00  0.000000E+00  0.128974E+00
  0.159670E+03  0.128332E+00  0.860749E-01  0.000000E+00  0.000000E+00  0.000000E+00  0.121133E+00
  0.165082E+03  0.120578E+00  0.805755E-01  0.000000E+00  0.000000E+00  0.000000E+00  0.113763E+00
  0.170677E+03  0.113290E+00  0.754064E-01  0.000000E+00  0.000000E+00  0.000000E+00  0.106835E+00
  0.176463E+03  0.106438E+00  0.705477E-01  0.000000E+00  0.000000E+00  0.000000E+00  0.100324E+00
  0.182444E+03  0.999993E-01  0.659813E-01  0.000000E+00  0.000000E+00  0.000000E+00  0.942036E-01
  0.188628E+03  0.939471E-01  0.616897E-01  0.000000E+00  0.000000E+00  0.000000E+00  0.884514E-01
  0.195021E+03  0.882587E-01  0.576565E-01  0.000000E+00  0.000000E+00  0.000000E+00  0.830450E-01
  0.201632E+03  0.829123E-01  0.538662E-01  0.000000E+00  0.000000E+00  0.000000E+00  0.779637E-01
  0.208466E+03  0.778879E-01  0.503051E-01  0.000000E+00  0.000000E+00  0.000000E+00  0.731886E-01
  0.215532E+03  0.731659E-01  0.469589E-01  0.000000E+00  0.000000E+00  0.000000E+00  0.687010E-01
  0.222837E+03  0.687282E-01  0.438152E-01  0.000000E+00  0.000000E+00  0.000000E+00  0.644838E-01
  0.230391E+03  0.645575E-01  0.408618E-01  0.000000E+00  0.000000E+00  0.000000E+00  0.605205E-01
  0.238200E+03  0.606384E-01  0.380877E-01  0.000000E+00  0.000000E+00  0.000000E+00  0.567964E-01
  0.246273E+03  0.569554E-01  0.354823E-01  0.000000E+00  0.000000E+00  0.000000E+00  0.532971E-01
  0.254621E+03  0.534943E-01  0.330354E-01  0.000000E+00  0.000000E+00  0.000000E+00  0.500087E-01
  0.263252E+03  0.502422E-01  0.307380E-01  0.000000E+00  0.000000E+00  0.000000E+00  0.469193E-01
  0.272174E+03  0.471862E-01  0.285811E-01  0.000000E+00  0.000000E+00  0.000000E+00  0.440164E-01
  0.281400E+03  0.443147E-01  0.265567E-01  0.000000E+00  0.000000E+00  0.000000E+00  0.412892E-01
  0.290938E+03  0.416163E-01  0.246568E-01  0.000000E+00  0.000000E+00  0.000000E+00  0.387269E-01
  0.300799E+03  0.390811E-01  0.228744E-01  0.000000E+00  0.000000E+00  0.000000E+00  0.363200E-01
  0.310995E+03  0.366990E-01  0.212024E-01  0.000000E+00  0.000000E+00  0.000000E+00  0.340589E-01
  0.321536E+03  0.344609E-01  0.196347E-01  0.000000E+00  0.000000E+00  0.000000E+00  0.319350E-01
  0.332435E+03  0.323580E-01  0.181651E-01  0.000000E+00  0.000000E+00  0.000000E+00  0.299400E-01
  0.343702E+03  0.303824E-01  0.167881E-01  0.000000E+00  0.000000E+00  0.000000E+00  0.280663E-01
  0.355352E+03  0.285263E-01  0.154984E-01  0.000000E+00  0.000000E+00  0.000000E+00  0.263067E-01
  0.367397E+03  0.267826E-01  0.142910E-01  0.000000E+00  0.000000E+00  0.000000E+00  0.246544E-01
  0.379850E+03  0.251444E-01  0.131611E-01  0.000000E+00  0.000000E+00  0.000000E+00  0.231028E-01
  0.392725E+03  0.236053E-01  0.121046E-01  0.000000E+00  0.000000E+00  0.000000E+00  0.216459E-01
  0.406036E+03  0.221597E-01  0.111173E-01  0.000000E+00  0.000000E+00  0.000000E+00  0.202784E-01
  0.419799E+03  0.208016E-01  0.101953E-01  0.000000E+00  0.000000E+00  0.000000E+00  0.189946E-01
  0.434028E+03  0.195260E-01  0.933506E-02  0.000000E+00  0.000000E+00  0.000000E+00  0.177897E-01
  0.448740E+03  0.183278E-01  0.853322E-02  0.000000E+00  0.000000E+00  0.000000E+00  0.166591E-01
  0.463949E+03  0.172024E-01  0.778653E-02  0.000000E+00  0.000000E+00  0.000000E+00  0.155982E-01
  0.479676E+03  0.161452E-01  0.709197E-02  0.000000E+00  0.000000E+00  0.000000E+00  0.146028E-01
  0.495934E+03  0.151524E-01  0.644682E-02  0.000000E+00  0.000000E+00  0.000000E+00  0.136692E-01
  0.512744E+03  0.142200E-01  0.584836E-02  0.000000E+00  0.000000E+00  0.000000E+00  0.127937E-01
  0.530123E+03  0.133444E-01  0.529411E-02  0.000000E+00  0.000000E+00  0.000000E+00  0.119728E-01
  0.548092E+03  0.125220E-01  0.478166E-02  0.000000E+00  0.000000E+00  0.000000E+00  0.112033E-01
  0.566670E+03  0.117498E-01  0.430881E-02  0.000000E+00  0.000000E+00  0.000000E+00  0.104821E-01
  0.585877E+03  0.110248E-01  0.387341E-02  0.000000E+00  0.000000E+00  0.000000E+00  0.980638E-02
  0.605735E+03  0.103440E-01  0.347344E-02  0.000000E+00  0.000000E+00  0.000000E+00  0.917342E-02
  0.626267E+03  0.970473E-02  0.310692E-02  0.000000E+00  0.000000E+00  0.000000E+00  0.858066E-02
  0.647494E+03  0.910465E-02  0.277204E-02  0.000000E+00  0.000000E+00  0.000000E+00  0.802576E-02
  0.669441E+03  0.854130E-02  0.246697E-02  0.000000E+00  0.000000E+00  0.000000E+00  0.750641E-02
  0.692132E+03  0.801247E-02  0.218999E-02  0.000000E+00  0.000000E+00  0.000000E+00  0.702049E-02
  0.715592E+03  0.751610E-02  0.193943E-02  0.000000E+00  0.000000E+00  0.000000E+00  0.656600E-02
  0.739846E+03  0.705023E-02  0.171364E-02  0.000000E+00  0.000000E+00  0.000000E+00  0.614104E-02
  0.764923E+03  0.661302E-02  0.151102E-02  0.000000E+00  0.000000E+00  0.000000E+00  0.574379E-02
  0.790852E+03  0.620268E-02  0.132998E-02  0.000000E+00  0.000000E+00  0.000000E+00  0.537252E-02
  0.817657E+03  0.581770E-02  0.116902E-02  0.000000E+00  0.000000E+00  0.000000E+00  0.502570E-02
  0.845371E+03  0.545647E-02  0.102658E-02  0.000000E+00  0.000000E+00  0.000000E+00  0.470175E-02
  0.874025E+03  0.511759E-02  0.901178E-03  0.000000E+00  0.000000E+00  0.000000E+00  0.439924E-02
  0.903651E+03  0.479966E-02  0.791316E-03  0.000000E+00  0.000000E+00  0.000000E+00  0.411676E-02
  0.934280E+03  0.450145E-02  0.695557E-03  0.000000E+00  0.000000E+00  0.000000E+00  0.385304E-02
  0.965947E+03  0.422176E-02  0.612464E-03  0.000000E+00  0.000000E+00  0.000000E+00  0.360684E-02
  0.998688E+03  0.395944E-02  0.540645E-03  0.000000E+00  0.000000E+00  0.000000E+00  0.337698E-02
  0.103254E+04  0.371342E-02  0.478745E-03  0.000000E+00  0.000000E+00  0.000000E+00  0.316233E-02
  0.106754E+04  0.348274E-02  0.425478E-03  0.000000E+00  0.000000E+00  0.000000E+00  0.296188E-02
  0.110372E+04  0.326644E-02  0.379608E-03  0.000000E+00  0.000000E+00  0.000000E+00  0.277461E-02
  0.114113E+04  0.306360E-02  0.339982E-03  0.000000E+00  0.000000E+00  0.000000E+00  0.259958E-02
  0.117981E+04  0.287344E-02  0.305545E-03  0.000000E+00  0.000000E+00  0.000000E+00  0.243595E-02
  0.121980E+04  0.269516E-02  0.275342E-03  0.000000E+00  0.000000E+00  0.000000E+00  0.228289E-02
  0.126115E+04  0.252800E-02  0.248537E-03  0.000000E+00  0.000000E+00  0.000000E+00  0.213965E-02
  0.130389E+04  0.237127E-02  0.224423E-03  0.000000E+00  0.000000E+00  0.000000E+00  0.200551E-02
  0.134809E+04  0.222433E-02  0.202430E-03  0.000000E+00  0.000000E+00  0.000000E+00  0.187986E-02
  0.139378E+04  0.208656E-02  0.182120E-03  0.000000E+00  0.000000E+00  0.000000E+00  0.176210E-02
  0.144102E+04  0.195737E-02  0.163192E-03  0.000000E+00  0.000000E+00  0.000000E+00  0.165170E-02
  0.148987E+04  0.183623E-02  0.145465E-03  0.000000E+00  0.000000E+00  0.000000E+00  0.154817E-02
  0.154037E+04  0.172263E-02  0.128869E-03  0.000000E+00  0.000000E+00  0.000000E+00  0.145110E-02
  0.159258E+04  0.161609E-02  0.113419E-03  0.000000E+00  0.000000E+00  0.000000E+00  0.136008E-02
  0.164656E+04  0.151618E-02  0.991840E-04  0.000000E+00  0.000000E+00  0.000000E+00  0.127477E-02
  0.170237E+04  0.142246E-02  0.862632E-04  0.000000E+00  0.000000E+00  0.000000E+00  0.119481E-02
  0.176007E+04  0.133456E-02  0.747522E-04  0.000000E+00  0.000000E+00  0.000000E+00  0.111992E-02
  0.181973E+04  0.125210E-02  0.647117E-04  0.000000E+00  0.000000E+00  0.000000E+00  0.104981E-02
  0.188141E+04  0.117475E-02  0.561462E-04  0.000000E+00  0.000000E+00  0.000000E+00  0.984170E-03
  0.194518E+04  0.110218E-02  0.489917E-04  0.000000E+00  0.000000E+00  0.000000E+00  0.922752E-03
  0.201111E+04  0.103412E-02  0.431097E-04  0.000000E+00  0.000000E+00  0.000000E+00  0.865277E-03
  0.207928E+04  0.970259E-03  0.383002E-04  0.000000E+00  0.000000E+00  0.000000E+00  0.811481E-03
  0.214976E+04  0.910351E-03  0.343225E-04  0.000000E+00  0.000000E+00  0.000000E+00  0.761101E-03
  0.222262E+04  0.854154E-03  0.309273E-04  0.000000E+00  0.000000E+00  0.000000E+00  0.713901E-03
  0.229796E+04  0.801437E-03  0.278889E-04  0.000000E+00  0.000000E+00  0.000000E+00  0.669647E-03
  0.237585E+04  0.751980E-03  0.250373E-04  0.000000E+00  0.000000E+00  0.000000E+00  0.628131E-03
  0.245638E+04  0.705579E-03  0.222779E-04  0.000000E+00  0.000000E+00  0.000000E+00  0.589165E-03
  0.253964E+04  0.662051E-03  0.195967E-04  0.000000E+00  0.000000E+00  0.000000E+00  0.552596E-03
  0.262572E+04  0.621212E-03  0.170452E-04  0.000000E+00  0.000000E+00  0.000000E+00  0.518280E-03
  0.271471E+04  0.582895E-03  0.147115E-04  0.000000E+00  0.000000E+00  0.000000E+00  0.486093E-03
  0.280673E+04  0.546941E-03  0.126825E-04  0.000000E+00  0.000000E+00  0.000000E+00  0.455919E-03
  0.290187E+04  0.513208E-03  0.110082E-04  0.000000E+00  0.000000E+00  0.000000E+00  0.427648E-03
  0.300022E+04  0.481556E-03  0.968013E-05  0.000000E+00  0.000000E+00  0.000000E+00  0.401162E-03
  0.310192E+04  0.451852E-03  0.863140E-05  0.000000E+00  0.000000E+00  0.000000E+00  0.376341E-03
  0.320706E+04  0.423985E-03  0.775991E-05  0.000000E+00  0.000000E+00  0.000000E+00  0.353072E-03
  0.331576E+04  0.397836E-03  0.696446E-05  0.000000E+00  0.000000E+00  0.000000E+00  0.331243E-03
  0.342815E+04  0.373301E-03  0.618087E-05  0.000000E+00  0.000000E+00  0.000000E+00  0.310754E-03
  0.354435E+04  0.350277E-03  0.540015E-05  0.000000E+00  0.000000E+00  0.000000E+00  0.291520E-03
  0.366448E+04  0.328674E-03  0.466070E-05  0.000000E+00  0.000000E+00  0.000000E+00  0.273471E-03
  0.378869E+04  0.308403E-03  0.401692E-05  0.000000E+00  0.000000E+00  0.000000E+00  0.256544E-03
  0.391711E+04  0.289381E-03  0.350236E-05  0.000000E+00  0.000000E+00  0.000000E+00  0.240676E-03
  0.404988E+04  0.271531E-03  0.310750E-05  0.000000E+00  0.000000E+00  0.000000E+00  0.225799E-03
  0.418715E+04  0.254782E-03  0.278654E-05  0.000000E+00  0.000000E+00  0.000000E+00  0.211849E-03
  0.432907E+04  0.239066E-03  0.248768E-05  0.000000E+00  0.000000E+00  0.000000E+00  0.198760E-03
  0.447581E+04  0.224318E-03  0.218585E-05  0.000000E+00  0.000000E+00  0.000000E+00  0.186474E-03
  0.462752E+04  0.210479E-03  0.189314E-05  0.000000E+00  0.000000E+00  0.000000E+00  0.174942E-03
  0.478437E+04  0.197494E-03  0.163945E-05  0.000000E+00  0.000000E+00  0.000000E+00  0.164126E-03
  0.494653E+04  0.185309E-03  0.144083E-05  0.000000E+00  0.000000E+00  0.000000E+00  0.153983E-03
  0.511420E+04  0.173874E-03  0.128420E-05  0.000000E+00  0.000000E+00  0.000000E+00  0.144470E-03
  0.528755E+04  0.163145E-03  0.114184E-05  0.000000E+00  0.000000E+00  0.000000E+00  0.135544E-03
  0.546677E+04  0.153076E-03  0.999108E-06  0.000000E+00  0.000000E+00  0.000000E+00  0.127167E-03
  0.565206E+04  0.143629E-03  0.864995E-06  0.000000E+00  0.000000E+00  0.000000E+00  0.119306E-03
  0.584365E+04  0.134764E-03  0.755144E-06  0.000000E+00  0.000000E+00  0.000000E+00  0.111932E-03
  0.604171E+04  0.126445E-03  0.669764E-06  0.000000E+00  0.000000E+00  0.000000E+00  0.105017E-03
  0.624650E+04  0.118639E-03  0.594477E-06  0.000000E+00  0.000000E+00  0.000000E+00  0.985275E-04
  0.645822E+04  0.111314E-03  0.520375E-06  0.000000E+00  0.000000E+00  0.000000E+00  0.924382E-04
  0.667713E+04  0.104441E-03  0.452985E-06  0.000000E+00  0.000000E+00  0.000000E+00  0.867245E-04
  0.690345E+04  0.979917E-04  0.398741E-06  0.000000E+00  0.000000E+00  0.000000E+00  0.813647E-04
  0.713744E+04  0.919401E-04  0.353140E-06  0.000000E+00  0.000000E+00  0.000000E+00  0.763364E-04
  0.737936E+04  0.862618E-04  0.309421E-06  0.000000E+00  0.000000E+00  0.000000E+00  0.716181E-04
  0.762949E+04  0.809333E-04  0.269467E-06  0.000000E+00  0.000000E+00  0.000000E+00  0.671906E-04
  0.788809E+04  0.759338E-04  0.237066E-06  0.000000E+00  0.000000E+00  0.000000E+00  0.630373E-04
  0.815546E+04  0.712426E-04  0.209394E-06  0.000000E+00  0.000000E+00  0.000000E+00  0.591406E-04
  0.843190E+04  0.668405E-04  0.183407E-06  0.000000E+00  0.000000E+00  0.000000E+00  0.554841E-04
  0.871769E+04  0.627104E-04  0.160837E-06  0.000000E+00  0.000000E+00  0.000000E+00  0.520538E-04
  0.901318E+04  0.588350E-04  0.141829E-06  0.000000E+00  0.000000E+00  0.000000E+00  0.488354E-04
  0.931867E+04  0.551986E-04  0.124252E-06  0.000000E+00  0.000000E+00  0.000000E+00  0.458156E-04
  0.963454E+04  0.517866E-04  0.108683E-06  0.000000E+00  0.000000E+00  0.000000E+00  0.429822E-04
  0.996110E+04  0.485852E-04  0.956633E-07  0.000000E+00  0.000000E+00  0.000000E+00  0.403240E-04
  0.102987E+05  0.455814E-04  0.840045E-07  0.000000E+00  0.000000E+00  0.000000E+00  0.378300E-04
  0.106478E+05  0.427630E-04  0.737947E-07  0.000000E+00  0.000000E+00  0.000000E+00  0.354901E-04
  0.110087E+05  0.401186E-04  0.648917E-07  0.000000E+00  0.000000E+00  0.000000E+00  0.332946E-04
  0.113819E+05  0.376374E-04  0.567973E-07  0.000000E+00  0.000000E+00  0.000000E+00  0.312348E-04
  0.117676E+05  0.353095E-04  0.498361E-07  0.000000E+00  0.000000E+00  0.000000E+00  0.293023E-04
  0.121665E+05  0.331254E-04  0.437770E-07  0.000000E+00  0.000000E+00  0.000000E+00  0.274893E-04
  0.125789E+05  0.310760E-04  0.384906E-07  0.000000E+00  0.000000E+00  0.000000E+00  0.257881E-04
  0.130053E+05  0.291533E-04  0.338012E-07  0.000000E+00  0.000000E+00  0.000000E+00  0.241922E-04
  0.134461E+05  0.273494E-04  0.296009E-07  0.000000E+00  0.000000E+00  0.000000E+00  0.226949E-04
  0.139018E+05  0.256568E-04  0.259733E-07  0.000000E+00  0.000000E+00  0.000000E+00  0.212900E-04
  0.143730E+05  0.240688E-04  0.228344E-07  0.000000E+00  0.000000E+00  0.000000E+00  0.199721E-04
  0.148602E+05  0.225790E-04  0.200670E-07  0.000000E+00  0.000000E+00  0.000000E+00  0.187357E-04
  0.153639E+05  0.211813E-04  0.175761E-07  0.000000E+00  0.000000E+00  0.000000E+00  0.175756E-04
  0.158847E+05  0.198698E-04  0.154137E-07  0.000000E+00  0.000000E+00  0.000000E+00  0.164872E-04
  0.164231E+05  0.186395E-04  0.135584E-07  0.000000E+00  0.000000E+00  0.000000E+00  0.154662E-04
  0.169797E+05  0.174853E-04  0.119028E-07  0.000000E+00  0.000000E+00  0.000000E+00  0.145083E-04
  0.175553E+05  0.164024E-04  0.104219E-07  0.000000E+00  0.000000E+00  0.000000E+00  0.136097E-04
  0.181503E+05  0.153864E-04  0.915592E-08  0.000000E+00  0.000000E+00  0.000000E+00  0.127666E-04
  0.187655E+05  0.144333E-04  0.805006E-08  0.000000E+00  0.000000E+00  0.000000E+00  0.119757E-04
  0.194016E+05  0.135392E-04  0.704796E-08  0.000000E+00  0.000000E+00  0.000000E+00  0.112337E-04
  0.200592E+05  0.127003E-04  0.618739E-08  0.000000E+00  0.000000E+00  0.000000E+00  0.105376E-04
  0.207391E+05  0.119133E-04  0.544141E-08  0.000000E+00  0.000000E+00  0.000000E+00  0.988456E-05
  0.214421E+05  0.111750E-04  0.476257E-08  0.000000E+00  0.000000E+00  0.000000E+00  0.927195E-05
  0.221688E+05  0.104824E-04  0.418491E-08  0.000000E+00  0.000000E+00  0.000000E+00  0.869725E-05
  0.229203E+05  0.983266E-05  0.367580E-08  0.000000E+00  0.000000E+00  0.000000E+00  0.815809E-05
  0.236971E+05  0.922314E-05  0.321784E-08  0.000000E+00  0.000000E+00  0.000000E+00  0.765234E-05
  0.245004E+05  0.865134E-05  0.283212E-08  0.000000E+00  0.000000E+00  0.000000E+00  0.717789E-05
  0.253308E+05  0.811493E-05  0.247923E-08  0.000000E+00  0.000000E+00  0.000000E+00  0.673281E-05
  0.261894E+05  0.761170E-05  0.217886E-08  0.000000E+00  0.000000E+00  0.000000E+00  0.631526E-05
  0.270771E+05  0.713966E-05  0.191101E-08  0.000000E+00  0.000000E+00  0.000000E+00  0.592360E-05
  0.279949E+05  0.669684E-05  0.167657E-08  0.000000E+00  0.000000E+00  0.000000E+00  0.555619E-05
  0.289437E+05  0.628145E-05  0.147227E-08  0.000000E+00  0.000000E+00  0.000000E+00  0.521153E-05
  0.299248E+05  0.589176E-05  0.129077E-08  0.000000E+00  0.000000E+00  0.000000E+00  0.488820E-05
  0.309391E+05  0.552623E-05  0.113355E-08  0.000000E+00  0.000000E+00  0.000000E+00  0.458491E-05
