  656
 0.101956E-04  0.118290E+06  0.118290E+06  0.157720E+06  0.157720E+06  0.000000E+00  0.118290E+06
  0.105412E-04  0.118290E+06  0.118290E+06  0.157720E+06  0.157720E+06  0.000000E+00  0.118290E+06
  0.108984E-04  0.118290E+06  0.118290E+06  0.157720E+06  0.157720E+06  0.000000E+00  0.118290E+06
  0.112678E-04  0.118290E+06  0.118290E+06  0.157720E+06  0.157720E+06  0.000000E+00  0.118290E+06
  0.116498E-04  0.118290E+06  0.118290E+06  0.157720E+06  0.157720E+06  0.000000E+00  0.118290E+06
  0.120446E-04  0.118290E+06  0.118290E+06  0.157720E+06  0.157720E+06  0.000000E+00  0.118290E+06
  0.124529E-04  0.118290E+06  0.118290E+06  0.157720E+06  0.157720E+06  0.000000E+00  0.118290E+06
  0.128750E-04  0.118290E+06  0.118290E+06  0.157720E+06  0.157720E+06  0.000000E+00  0.118290E+06
  0.133114E-04  0.118290E+06  0.118290E+06  0.157720E+06  0.157720E+06  0.000000E+00  0.118290E+06
  0.137626E-04  0.118290E+06  0.118290E+06  0.157720E+06  0.157720E+06  0.000000E+00  0.118290E+06
  0.142291E-04  0.118290E+06  0.118290E+06  0.157720E+06  0.157720E+06  0.000000E+00  0.118290E+06
  0.147114E-04  0.118290E+06  0.118290E+06  0.157720E+06  0.157720E+06  0.000000E+00  0.118290E+06
  0.152100E-04  0.118290E+06  0.118290E+06  0.157720E+06  0.157720E+06  0.000000E+00  0.118290E+06
  0.157255E-04  0.118290E+06  0.118290E+06  0.157720E+06  0.157719E+06  0.000000E+00  0.118290E+06
  0.162586E-04  0.118290E+06  0.118290E+06  0.157720E+06  0.157719E+06  0.000000E+00  0.118290E+06
  0.168097E-04  0.118290E+06  0.118290E+06  0.157720E+06  0.157719E+06  0.000000E+00  0.118290E+06
  0.173794E-04  0.118290E+06  0.118290E+06  0.157720E+06  0.157719E+06  0.000000E+00  0.118290E+06
  0.179685E-04  0.118290E+06  0.118290E+06  0.157719E+06  0.157719E+06  0.000000E+00  0.118290E+06
  0.185775E-04  0.118290E+06  0.118290E+06  0.157719E+06  0.157719E+06  0.000000E+00  0.118290E+06
  0.192072E-04  0.118290E+06  0.118290E+06  0.157719E+06  0.157719E+06  0.000000E+00  0.118290E+06
  0.198583E-04  0.118290E+06  0.118290E+06  0.157719E+06  0.157719E+06  0.000000E+00  0.118290E+06
  0.205314E-04  0.118290E+06  0.118290E+06  0.157719E+06  0.157719E+06  0.000000E+00  0.118290E+06
  0.212273E-04  0.118290E+06  0.118290E+06  0.157719E+06  0.157719E+06  0.000000E+00  0.118290E+06
  0.219468E-04  0.118290E+06  0.118290E+06  0.157719E+06  0.157719E+06  0.000000E+00  0.118290E+06
  0.226907E-04  0.118290E+06  0.118290E+06  0.157719E+06  0.157719E+06  0.000000E+00  0.118290E+06
  0.234598E-04  0.118290E+06  0.118290E+06  0.157719E+06  0.157718E+06  0.000000E+00  0.118290E+06
  0.242549E-04  0.118290E+06  0.118290E+06  0.157719E+06  0.157718E+06  0.000000E+00  0.118290E+06
  0.250771E-04  0.118290E+06  0.118290E+06  0.157719E+06  0.157718E+06  0.000000E+00  0.118290E+06
  0.259270E-04  0.118290E+06  0.118290E+06  0.157718E+06  0.157718E+06  0.000000E+00  0.118290E+06
  0.268058E-04  0.118290E+06  0.118290E+06  0.157718E+06  0.157718E+06  0.000000E+00  0.118290E+06
  0.277144E-04  0.118290E+06  0.118290E+06  0.157718E+06  0.157718E+06  0.000000E+00  0.118290E+06
  0.286538E-04  0.118290E+06  0.118290E+06  0.157718E+06  0.157717E+06  0.000000E+00  0.118290E+06
  0.296250E-04  0.118290E+06  0.118290E+06  0.157718E+06  0.157717E+06  0.000000E+00  0.118290E+06
  0.306292E-04  0.118290E+06  0.118290E+06  0.157718E+06  0.157717E+06  0.000000E+00  0.118290E+06
  0.316674E-04  0.118290E+06  0.118290E+06  0.157717E+06  0.157717E+06  0.000000E+00  0.118290E+06
  0.327407E-04  0.118290E+06  0.118290E+06  0.157717E+06  0.157717E+06  0.000000E+00  0.118290E+06
  0.338505E-04  0.118290E+06  0.118290E+06  0.157717E+06  0.157716E+06  0.000000E+00  0.118290E+06
  0.349979E-04  0.118290E+06  0.118290E+06  0.157717E+06  0.157716E+06  0.000000E+00  0.118290E+06
  0.361841E-04  0.118290E+06  0.118290E+06  0.157717E+06  0.157716E+06  0.000000E+00  0.118290E+06
  0.374106E-04  0.118290E+06  0.118290E+06  0.157716E+06  0.157715E+06  0.000000E+00  0.118290E+06
  0.386786E-04  0.118290E+06  0.118290E+06  0.157716E+06  0.157715E+06  0.000000E+00  0.118290E+06
  0.399896E-04  0.118290E+06  0.118290E+06  0.157716E+06  0.157715E+06  0.000000E+00  0.118290E+06
  0.413451E-04  0.118290E+06  0.118290E+06  0.157715E+06  0.157714E+06  0.000000E+00  0.118290E+06
  0.427465E-04  0.118290E+06  0.118290E+06  0.157715E+06  0.157714E+06  0.000000E+00  0.118290E+06
  0.441954E-04  0.118290E+06  0.118290E+06  0.157715E+06  0.157713E+06  0.000000E+00  0.118290E+06
  0.456934E-04  0.118290E+06  0.118290E+06  0.157714E+06  0.157713E+06  0.000000E+00  0.118290E+06
  0.472422E-04  0.118290E+06  0.118290E+06  0.157714E+06  0.157712E+06  0.000000E+00  0.118290E+06
  0.488434E-04  0.118290E+06  0.118290E+06  0.157713E+06  0.157712E+06  0.000000E+00  0.118290E+06
  0.504990E-04  0.118290E+06  0.118290E+06  0.157713E+06  0.157711E+06  0.000000E+00  0.118290E+06
  0.522107E-04  0.118290E+06  0.118290E+06  0.157712E+06  0.157711E+06  0.000000E+00  0.118290E+06
  0.539803E-04  0.118290E+06  0.118290E+06  0.157712E+06  0.157710E+06  0.000000E+00  0.118290E+06
  0.558100E-04  0.118290E+06  0.118289E+06  0.157711E+06  0.157709E+06  0.000000E+00  0.118290E+06
  0.577017E-04  0.118290E+06  0.118289E+06  0.157711E+06  0.157708E+06  0.000000E+00  0.118290E+06
  0.596575E-04  0.118290E+06  0.118289E+06  0.157710E+06  0.157708E+06  0.000000E+00  0.118290E+06
  0.616796E-04  0.118290E+06  0.118289E+06  0.157709E+06  0.157707E+06  0.000000E+00  0.118289E+06
  0.637702E-04  0.118289E+06  0.118289E+06  0.157708E+06  0.157706E+06  0.000000E+00  0.118289E+06
  0.659317E-04  0.118289E+06  0.118289E+06  0.157708E+06  0.157705E+06  0.000000E+00  0.118289E+06
  0.681665E-04  0.118289E+06  0.118289E+06  0.157707E+06  0.157704E+06  0.000000E+00  0.118289E+06
  0.704770E-04  0.118289E+06  0.118289E+06  0.157706E+06  0.157703E+06  0.000000E+00  0.118289E+06
  0.728658E-04  0.118289E+06  0.118289E+06  0.157705E+06  0.157701E+06  0.000000E+00  0.118289E+06
  0.753356E-04  0.118289E+06  0.118289E+06  0.157704E+06  0.157700E+06  0.000000E+00  0.118289E+06
  0.778891E-04  0.118289E+06  0.118289E+06  0.157703E+06  0.157699E+06  0.000000E+00  0.118289E+06
  0.805292E-04  0.118289E+06  0.118289E+06  0.157701E+06  0.157697E+06  0.000000E+00  0.118289E+06
  0.832588E-04  0.118289E+06  0.118288E+06  0.157700E+06  0.157696E+06  0.000000E+00  0.118289E+06
  0.860808E-04  0.118289E+06  0.118288E+06  0.157699E+06  0.157694E+06  0.000000E+00  0.118289E+06
  0.889986E-04  0.118289E+06  0.118288E+06  0.157697E+06  0.157692E+06  0.000000E+00  0.118289E+06
  0.920152E-04  0.118289E+06  0.118288E+06  0.157696E+06  0.157690E+06  0.000000E+00  0.118289E+06
  0.951340E-04  0.118289E+06  0.118288E+06  0.157694E+06  0.157688E+06  0.000000E+00  0.118288E+06
  0.983586E-04  0.118288E+06  0.118288E+06  0.157692E+06  0.157686E+06  0.000000E+00  0.118288E+06
  0.101692E-03  0.118288E+06  0.118288E+06  0.157690E+06  0.157683E+06  0.000000E+00  0.118288E+06
  0.105139E-03  0.118288E+06  0.118287E+06  0.157688E+06  0.157681E+06  0.000000E+00  0.118288E+06
  0.108703E-03  0.118288E+06  0.118287E+06  0.157686E+06  0.157678E+06  0.000000E+00  0.118288E+06
  0.112388E-03  0.118288E+06  0.118287E+06  0.157683E+06  0.157675E+06  0.000000E+00  0.118288E+06
  0.116197E-03  0.118288E+06  0.118287E+06  0.157681E+06  0.157672E+06  0.000000E+00  0.118287E+06
  0.120135E-03  0.118287E+06  0.118286E+06  0.157678E+06  0.157669E+06  0.000000E+00  0.118287E+06
  0.124207E-03  0.118287E+06  0.118286E+06  0.157675E+06  0.157665E+06  0.000000E+00  0.118287E+06
  0.128417E-03  0.118287E+06  0.118286E+06  0.157672E+06  0.157661E+06  0.000000E+00  0.118287E+06
  0.132770E-03  0.118287E+06  0.118286E+06  0.157669E+06  0.157657E+06  0.000000E+00  0.118287E+06
  0.137271E-03  0.118287E+06  0.118285E+06  0.157665E+06  0.157653E+06  0.000000E+00  0.118286E+06
  0.141923E-03  0.118286E+06  0.118285E+06  0.157662E+06  0.157648E+06  0.000000E+00  0.118286E+06
  0.146734E-03  0.118286E+06  0.118285E+06  0.157657E+06  0.157643E+06  0.000000E+00  0.118286E+06
  0.151707E-03  0.118286E+06  0.118284E+06  0.157653E+06  0.157638E+06  0.000000E+00  0.118286E+06
  0.156849E-03  0.118285E+06  0.118284E+06  0.157648E+06  0.157632E+06  0.000000E+00  0.118285E+06
  0.162166E-03  0.118285E+06  0.118283E+06  0.157644E+06  0.157626E+06  0.000000E+00  0.118285E+06
  0.167663E-03  0.118285E+06  0.118283E+06  0.157638E+06  0.157620E+06  0.000000E+00  0.118284E+06
  0.173345E-03  0.118284E+06  0.118282E+06  0.157633E+06  0.157613E+06  0.000000E+00  0.118284E+06
  0.179221E-03  0.118284E+06  0.118282E+06  0.157627E+06  0.157605E+06  0.000000E+00  0.118284E+06
  0.185296E-03  0.118284E+06  0.118281E+06  0.157620E+06  0.157597E+06  0.000000E+00  0.118283E+06
  0.191576E-03  0.118283E+06  0.118280E+06  0.157613E+06  0.157589E+06  0.000000E+00  0.118283E+06
  0.198070E-03  0.118283E+06  0.118280E+06  0.157606E+06  0.157580E+06  0.000000E+00  0.118282E+06
  0.204784E-03  0.118282E+06  0.118279E+06  0.157598E+06  0.157570E+06  0.000000E+00  0.118282E+06
  0.211725E-03  0.118282E+06  0.118278E+06  0.157589E+06  0.157560E+06  0.000000E+00  0.118281E+06
  0.218901E-03  0.118281E+06  0.118277E+06  0.157580E+06  0.157549E+06  0.000000E+00  0.118280E+06
  0.226321E-03  0.118280E+06  0.118277E+06  0.157571E+06  0.157537E+06  0.000000E+00  0.118280E+06
  0.233992E-03  0.118280E+06  0.118276E+06  0.157560E+06  0.157524E+06  0.000000E+00  0.118279E+06
  0.241923E-03  0.118279E+06  0.118275E+06  0.157549E+06  0.157511E+06  0.000000E+00  0.118278E+06
  0.250123E-03  0.118278E+06  0.118274E+06  0.157538E+06  0.157496E+06  0.000000E+00  0.118277E+06
  0.258601E-03  0.118277E+06  0.118272E+06  0.157525E+06  0.157481E+06  0.000000E+00  0.118276E+06
  0.267366E-03  0.118276E+06  0.118271E+06  0.157512E+06  0.157464E+06  0.000000E+00  0.118275E+06
  0.276429E-03  0.118275E+06  0.118270E+06  0.157497E+06  0.157447E+06  0.000000E+00  0.118274E+06
  0.285798E-03  0.118274E+06  0.118268E+06  0.157482E+06  0.157428E+06  0.000000E+00  0.118273E+06
  0.295486E-03  0.118273E+06  0.118267E+06  0.157465E+06  0.157408E+06  0.000000E+00  0.118272E+06
  0.305501E-03  0.118272E+06  0.118265E+06  0.157448E+06  0.157386E+06  0.000000E+00  0.118271E+06
  0.315856E-03  0.118271E+06  0.118264E+06  0.157429E+06  0.157363E+06  0.000000E+00  0.118270E+06
  0.326562E-03  0.118269E+06  0.118262E+06  0.157409E+06  0.157338E+06  0.000000E+00  0.118268E+06
  0.337631E-03  0.118268E+06  0.118260E+06  0.157388E+06  0.157312E+06  0.000000E+00  0.118267E+06
  0.349075E-03  0.118266E+06  0.118258E+06  0.157365E+06  0.157284E+06  0.000000E+00  0.118265E+06
  0.360907E-03  0.118265E+06  0.118256E+06  0.157340E+06  0.157254E+06  0.000000E+00  0.118263E+06
  0.373140E-03  0.118263E+06  0.118253E+06  0.157314E+06  0.157222E+06  0.000000E+00  0.118261E+06
  0.385788E-03  0.118261E+06  0.118251E+06  0.157286E+06  0.157188E+06  0.000000E+00  0.118259E+06
  0.398864E-03  0.118259E+06  0.118248E+06  0.157256E+06  0.157151E+06  0.000000E+00  0.118257E+06
  0.412383E-03  0.118257E+06  0.118245E+06  0.157224E+06  0.157112E+06  0.000000E+00  0.118255E+06
  0.426361E-03  0.118255E+06  0.118242E+06  0.157190E+06  0.157070E+06  0.000000E+00  0.118253E+06
  0.440813E-03  0.118252E+06  0.118238E+06  0.157153E+06  0.157025E+06  0.000000E+00  0.118250E+06
  0.455754E-03  0.118250E+06  0.118235E+06  0.157114E+06  0.156977E+06  0.000000E+00  0.118247E+06
  0.471202E-03  0.118247E+06  0.118231E+06  0.157073E+06  0.156926E+06  0.000000E+00  0.118244E+06
  0.487173E-03  0.118244E+06  0.118227E+06  0.157028E+06  0.156872E+06  0.000000E+00  0.118241E+06
  0.503686E-03  0.118241E+06  0.118223E+06  0.156980E+06  0.156813E+06  0.000000E+00  0.118238E+06
  0.520759E-03  0.118237E+06  0.118218E+06  0.156929E+06  0.156751E+06  0.000000E+00  0.118234E+06
  0.538410E-03  0.118234E+06  0.118213E+06  0.156875E+06  0.156684E+06  0.000000E+00  0.118230E+06
  0.556659E-03  0.118230E+06  0.118208E+06  0.156817E+06  0.156613E+06  0.000000E+00  0.118226E+06
  0.575527E-03  0.118226E+06  0.118202E+06  0.156755E+06  0.156537E+06  0.000000E+00  0.118222E+06
  0.595035E-03  0.118221E+06  0.118196E+06  0.156688E+06  0.156456E+06  0.000000E+00  0.118217E+06
  0.615204E-03  0.118216E+06  0.118189E+06  0.156618E+06  0.156369E+06  0.000000E+00  0.118212E+06
  0.636056E-03  0.118211E+06  0.118182E+06  0.156542E+06  0.156276E+06  0.000000E+00  0.118206E+06
  0.657615E-03  0.118206E+06  0.118175E+06  0.156461E+06  0.156177E+06  0.000000E+00  0.118201E+06
  0.679905E-03  0.118200E+06  0.118167E+06  0.156374E+06  0.156071E+06  0.000000E+00  0.118194E+06
  0.702951E-03  0.118194E+06  0.118158E+06  0.156282E+06  0.155958E+06  0.000000E+00  0.118188E+06
  0.726777E-03  0.118187E+06  0.118149E+06  0.156183E+06  0.155837E+06  0.000000E+00  0.118181E+06
  0.751412E-03  0.118180E+06  0.118140E+06  0.156077E+06  0.155708E+06  0.000000E+00  0.118173E+06
  0.776881E-03  0.118172E+06  0.118129E+06  0.155965E+06  0.155570E+06  0.000000E+00  0.118165E+06
  0.803213E-03  0.118164E+06  0.118118E+06  0.155844E+06  0.155423E+06  0.000000E+00  0.118157E+06
  0.830438E-03  0.118156E+06  0.118106E+06  0.155716E+06  0.155265E+06  0.000000E+00  0.118147E+06
  0.858586E-03  0.118146E+06  0.118094E+06  0.155578E+06  0.155097E+06  0.000000E+00  0.118137E+06
  0.887688E-03  0.118137E+06  0.118080E+06  0.155432E+06  0.154918E+06  0.000000E+00  0.118127E+06
  0.917776E-03  0.118126E+06  0.118066E+06  0.155275E+06  0.154726E+06  0.000000E+00  0.118116E+06
  0.948884E-03  0.118115E+06  0.118050E+06  0.155107E+06  0.154522E+06  0.000000E+00  0.118104E+06
  0.981047E-03  0.118103E+06  0.118034E+06  0.154929E+06  0.154303E+06  0.000000E+00  0.118091E+06
  0.101430E-02  0.118090E+06  0.118016E+06  0.154738E+06  0.154070E+06  0.000000E+00  0.118077E+06
  0.104868E-02  0.118076E+06  0.117997E+06  0.154534E+06  0.153821E+06  0.000000E+00  0.118063E+06
  0.108422E-02  0.118061E+06  0.117977E+06  0.154316E+06  0.153556E+06  0.000000E+00  0.118047E+06
  0.112097E-02  0.118045E+06  0.117956E+06  0.154084E+06  0.153272E+06  0.000000E+00  0.118030E+06
  0.115897E-02  0.118029E+06  0.117933E+06  0.153836E+06  0.152970E+06  0.000000E+00  0.118012E+06
  0.119825E-02  0.118011E+06  0.117908E+06  0.153571E+06  0.152647E+06  0.000000E+00  0.117993E+06
  0.123887E-02  0.117991E+06  0.117882E+06  0.153288E+06  0.152303E+06  0.000000E+00  0.117973E+06
  0.128086E-02  0.117971E+06  0.117854E+06  0.152987E+06  0.151936E+06  0.000000E+00  0.117951E+06
  0.132427E-02  0.117949E+06  0.117824E+06  0.152665E+06  0.151544E+06  0.000000E+00  0.117928E+06
  0.136916E-02  0.117926E+06  0.117792E+06  0.152321E+06  0.151126E+06  0.000000E+00  0.117903E+06
  0.141557E-02  0.117901E+06  0.117757E+06  0.151955E+06  0.150681E+06  0.000000E+00  0.117876E+06
  0.146355E-02  0.117874E+06  0.117721E+06  0.151564E+06  0.150206E+06  0.000000E+00  0.117848E+06
  0.151316E-02  0.117845E+06  0.117682E+06  0.151147E+06  0.149700E+06  0.000000E+00  0.117818E+06
  0.156445E-02  0.117815E+06  0.117640E+06  0.150703E+06  0.149161E+06  0.000000E+00  0.117785E+06
  0.161747E-02  0.117782E+06  0.117595E+06  0.150229E+06  0.148586E+06  0.000000E+00  0.117751E+06
  0.167230E-02  0.117748E+06  0.117548E+06  0.149724E+06  0.147974E+06  0.000000E+00  0.117714E+06
  0.172898E-02  0.117710E+06  0.117497E+06  0.149185E+06  0.147322E+06  0.000000E+00  0.117674E+06
  0.178758E-02  0.117671E+06  0.117443E+06  0.148611E+06  0.146628E+06  0.000000E+00  0.117632E+06
  0.184817E-02  0.117629E+06  0.117385E+06  0.148000E+06  0.145890E+06  0.000000E+00  0.117587E+06
  0.191082E-02  0.117583E+06  0.117323E+06  0.147349E+06  0.145104E+06  0.000000E+00  0.117539E+06
  0.197559E-02  0.117535E+06  0.117256E+06  0.146656E+06  0.144269E+06  0.000000E+00  0.117488E+06
  0.204255E-02  0.117484E+06  0.117186E+06  0.145918E+06  0.143380E+06  0.000000E+00  0.117433E+06
  0.211178E-02  0.117429E+06  0.117110E+06  0.145132E+06  0.142436E+06  0.000000E+00  0.117374E+06
  0.218336E-02  0.117370E+06  0.117030E+06  0.144297E+06  0.141433E+06  0.000000E+00  0.117312E+06
  0.225737E-02  0.117307E+06  0.116944E+06  0.143408E+06  0.140367E+06  0.000000E+00  0.117245E+06
  0.233388E-02  0.117240E+06  0.116852E+06  0.142463E+06  0.139236E+06  0.000000E+00  0.117174E+06
  0.241299E-02  0.117169E+06  0.116754E+06  0.141459E+06  0.138036E+06  0.000000E+00  0.117098E+06
  0.249477E-02  0.117093E+06  0.116650E+06  0.140392E+06  0.136764E+06  0.000000E+00  0.117018E+06
  0.257933E-02  0.117012E+06  0.116538E+06  0.139259E+06  0.135415E+06  0.000000E+00  0.116931E+06
  0.266676E-02  0.116925E+06  0.116419E+06  0.138057E+06  0.133987E+06  0.000000E+00  0.116839E+06
  0.275715E-02  0.116833E+06  0.116293E+06  0.136781E+06  0.132475E+06  0.000000E+00  0.116741E+06
  0.285060E-02  0.116735E+06  0.116157E+06  0.135428E+06  0.130875E+06  0.000000E+00  0.116636E+06
  0.294723E-02  0.116630E+06  0.116013E+06  0.133995E+06  0.129185E+06  0.000000E+00  0.116525E+06
  0.304712E-02  0.116518E+06  0.115859E+06  0.132476E+06  0.127399E+06  0.000000E+00  0.116406E+06
  0.315041E-02  0.116399E+06  0.115695E+06  0.130870E+06  0.125515E+06  0.000000E+00  0.116279E+06
  0.325719E-02  0.116272E+06  0.115520E+06  0.129170E+06  0.123528E+06  0.000000E+00  0.116144E+06
  0.336759E-02  0.116137E+06  0.115333E+06  0.127374E+06  0.121435E+06  0.000000E+00  0.116000E+06
  0.348174E-02  0.115993E+06  0.115135E+06  0.125477E+06  0.119234E+06  0.000000E+00  0.115847E+06
  0.359975E-02  0.115840E+06  0.114923E+06  0.123476E+06  0.116920E+06  0.000000E+00  0.115684E+06
  0.372177E-02  0.115677E+06  0.114698E+06  0.121367E+06  0.114491E+06  0.000000E+00  0.115510E+06
  0.384792E-02  0.115504E+06  0.114458E+06  0.119146E+06  0.111945E+06  0.000000E+00  0.115325E+06
  0.397834E-02  0.115319E+06  0.114202E+06  0.116809E+06  0.109279E+06  0.000000E+00  0.115129E+06
  0.411319E-02  0.115123E+06  0.113930E+06  0.114354E+06  0.106492E+06  0.000000E+00  0.114920E+06
  0.425260E-02  0.114914E+06  0.113641E+06  0.111778E+06  0.103584E+06  0.000000E+00  0.114697E+06
  0.439675E-02  0.114693E+06  0.113333E+06  0.109078E+06  0.100555E+06  0.000000E+00  0.114461E+06
  0.454577E-02  0.114457E+06  0.113006E+06  0.106253E+06  0.974042E+05  0.000000E+00  0.114210E+06
  0.469985E-02  0.114208E+06  0.112659E+06  0.103301E+06  0.941348E+05  0.000000E+00  0.113944E+06
  0.485916E-02  0.113942E+06  0.112289E+06  0.100221E+06  0.907494E+05  0.000000E+00  0.113661E+06
  0.502386E-02  0.113661E+06  0.111897E+06  0.970147E+05  0.872520E+05  0.000000E+00  0.113361E+06
  0.519414E-02  0.113363E+06  0.111480E+06  0.936825E+05  0.836481E+05  0.000000E+00  0.113042E+06
  0.537020E-02  0.113047E+06  0.111038E+06  0.902268E+05  0.799446E+05  0.000000E+00  0.112705E+06
  0.555222E-02  0.112712E+06  0.110569E+06  0.866512E+05  0.761501E+05  0.000000E+00  0.112347E+06
  0.574042E-02  0.112358E+06  0.110072E+06  0.829606E+05  0.722746E+05  0.000000E+00  0.111969E+06
  0.593499E-02  0.111984E+06  0.109545E+06  0.791614E+05  0.683303E+05  0.000000E+00  0.111568E+06
  0.613615E-02  0.111588E+06  0.108987E+06  0.752617E+05  0.643311E+05  0.000000E+00  0.111145E+06
  0.634414E-02  0.111169E+06  0.108397E+06  0.712712E+05  0.602926E+05  0.000000E+00  0.110697E+06
  0.655917E-02  0.110728E+06  0.107772E+06  0.672018E+05  0.562328E+05  0.000000E+00  0.110224E+06
  0.678150E-02  0.110262E+06  0.107111E+06  0.630673E+05  0.521711E+05  0.000000E+00  0.109726E+06
  0.701136E-02  0.109772E+06  0.106414E+06  0.588835E+05  0.481292E+05  0.000000E+00  0.109200E+06
  0.724901E-02  0.109255E+06  0.105677E+06  0.546685E+05  0.441300E+05  0.000000E+00  0.108646E+06
  0.749471E-02  0.108712E+06  0.104900E+06  0.504426E+05  0.401983E+05  0.000000E+00  0.108062E+06
  0.774875E-02  0.108140E+06  0.104081E+06  0.462282E+05  0.363596E+05  0.000000E+00  0.107449E+06
  0.801139E-02  0.107540E+06  0.103219E+06  0.420500E+05  0.326404E+05  0.000000E+00  0.106804E+06
  0.828294E-02  0.106911E+06  0.102311E+06  0.379343E+05  0.290675E+05  0.000000E+00  0.106128E+06
  0.856369E-02  0.106252E+06  0.101357E+06  0.339093E+05  0.256670E+05  0.000000E+00  0.105418E+06
  0.885396E-02  0.105562E+06  0.100355E+06  0.300045E+05  0.224644E+05  0.000000E+00  0.104675E+06
  0.915407E-02  0.104840E+06  0.993026E+05  0.262502E+05  0.194829E+05  0.000000E+00  0.103897E+06
  0.946434E-02  0.104087E+06  0.981997E+05  0.226773E+05  0.167435E+05  0.000000E+00  0.103084E+06
  0.978514E-02  0.103301E+06  0.970446E+05  0.193160E+05  0.142631E+05  0.000000E+00  0.102235E+06
  0.101168E-01  0.102483E+06  0.958361E+05  0.161955E+05  0.120545E+05  0.000000E+00  0.101350E+06
  0.104597E-01  0.101631E+06  0.945731E+05  0.133431E+05  0.101249E+05  0.000000E+00  0.100429E+06
  0.108143E-01  0.100746E+06  0.932546E+05  0.107826E+05  0.847536E+04  0.000000E+00  0.994700E+05
  0.111808E-01  0.998282E+05  0.918799E+05  0.853416E+04  0.710018E+04  0.000000E+00  0.984740E+05
  0.115598E-01  0.988766E+05  0.904481E+05  0.661218E+04  0.598645E+04  0.000000E+00  0.974406E+05
  0.119516E-01  0.978918E+05  0.889587E+05  0.502486E+04  0.511402E+04  0.000000E+00  0.963699E+05
  0.123567E-01  0.968739E+05  0.874112E+05  0.377289E+04  0.445580E+04  0.000000E+00  0.952617E+05
  0.127755E-01  0.958231E+05  0.858054E+05  0.284860E+04  0.397864E+04  0.000000E+00  0.941164E+05
  0.132086E-01  0.947398E+05  0.841412E+05  0.223532E+04  0.364457E+04  0.000000E+00  0.929341E+05
  0.136563E-01  0.936244E+05  0.824188E+05  0.190707E+04  0.341272E+04  0.000000E+00  0.917153E+05
  0.141191E-01  0.924773E+05  0.806382E+05  0.182874E+04  0.324160E+04  0.000000E+00  0.904602E+05
  0.145977E-01  0.912990E+05  0.788002E+05  0.195677E+04  0.309190E+04  0.000000E+00  0.891696E+05
  0.150925E-01  0.900900E+05  0.769054E+05  0.224044E+04  0.292935E+04  0.000000E+00  0.878438E+05
  0.156041E-01  0.888510E+05  0.749548E+05  0.262393E+04  0.272768E+04  0.000000E+00  0.864835E+05
  0.161330E-01  0.875823E+05  0.729495E+05  0.304893E+04  0.247113E+04  0.000000E+00  0.850893E+05
  0.166798E-01  0.862847E+05  0.708912E+05  0.345795E+04  0.215626E+04  0.000000E+00  0.836621E+05
  0.172452E-01  0.849587E+05  0.687818E+05  0.379801E+04  0.179266E+04  0.000000E+00  0.822026E+05
  0.178297E-01  0.836048E+05  0.666233E+05  0.402458E+04  0.140211E+04  0.000000E+00  0.807117E+05
  0.184340E-01  0.822237E+05  0.644187E+05  0.410531E+04  0.101623E+04  0.000000E+00  0.791903E+05
  0.190588E-01  0.808161E+05  0.621710E+05  0.402328E+04  0.672252E+03  0.000000E+00  0.776395E+05
  0.197048E-01  0.793826E+05  0.598839E+05  0.377911E+04  0.407556E+03  0.000000E+00  0.760606E+05
  0.203727E-01  0.779242E+05  0.575619E+05  0.339157E+04  0.253230E+03  0.000000E+00  0.744550E+05
  0.210633E-01  0.764416E+05  0.552100E+05  0.289620E+04  0.227841E+03  0.000000E+00  0.728243E+05
  0.217772E-01  0.749359E+05  0.528341E+05  0.234182E+04  0.332444E+03  0.000000E+00  0.711704E+05
  0.225154E-01  0.734084E+05  0.504407E+05  0.178485E+04  0.548155E+03  0.000000E+00  0.694954E+05
  0.232785E-01  0.718604E+05  0.480374E+05  0.128189E+04  0.837311E+03  0.000000E+00  0.678016E+05
  0.240676E-01  0.702924E+05  0.456316E+05  0.000000E+00  0.000000E+00  0.000000E+00  0.660909E+05
  0.248833E-01  0.687079E+05  0.432342E+05  0.000000E+00  0.000000E+00  0.000000E+00  0.643679E+05
  0.257268E-01  0.671093E+05  0.408561E+05  0.000000E+00  0.000000E+00  0.000000E+00  0.626365E+05
  0.265988E-01  0.654989E+05  0.385085E+05  0.000000E+00  0.000000E+00  0.000000E+00  0.609005E+05
  0.275003E-01  0.638791E+05  0.362035E+05  0.000000E+00  0.000000E+00  0.000000E+00  0.591640E+05
  0.284325E-01  0.622528E+05  0.339541E+05  0.000000E+00  0.000000E+00  0.000000E+00  0.574315E+05
  0.293962E-01  0.606227E+05  0.317739E+05  0.000000E+00  0.000000E+00  0.000000E+00  0.557077E+05
  0.303926E-01  0.589922E+05  0.296773E+05  0.000000E+00  0.000000E+00  0.000000E+00  0.539978E+05
  0.314227E-01  0.573646E+05  0.276789E+05  0.000000E+00  0.000000E+00  0.000000E+00  0.523070E+05
  0.324878E-01  0.557394E+05  0.257893E+05  0.000000E+00  0.000000E+00  0.000000E+00  0.506368E+05
  0.335890E-01  0.543952E+05  0.242892E+05  0.000000E+00  0.000000E+00  0.000000E+00  0.492661E+05
  0.347275E-01  0.527924E+05  0.226651E+05  0.000000E+00  0.000000E+00  0.000000E+00  0.476596E+05
  0.359046E-01  0.512072E+05  0.211953E+05  0.000000E+00  0.000000E+00  0.000000E+00  0.460941E+05
  0.371216E-01  0.496441E+05  0.198923E+05  0.000000E+00  0.000000E+00  0.000000E+00  0.445752E+05
  0.383798E-01  0.481075E+05  0.187664E+05  0.000000E+00  0.000000E+00  0.000000E+00  0.431086E+05
  0.396807E-01  0.466014E+05  0.178254E+05  0.000000E+00  0.000000E+00  0.000000E+00  0.416988E+05
  0.410257E-01  0.451295E+05  0.170739E+05  0.000000E+00  0.000000E+00  0.000000E+00  0.403496E+05
  0.424162E-01  0.435369E+05  0.163585E+05  0.000000E+00  0.000000E+00  0.000000E+00  0.389065E+05
  0.438539E-01  0.421375E+05  0.159794E+05  0.000000E+00  0.000000E+00  0.000000E+00  0.376809E+05
  0.453404E-01  0.407784E+05  0.157766E+05  0.000000E+00  0.000000E+00  0.000000E+00  0.365189E+05
  0.468772E-01  0.394609E+05  0.157362E+05  0.000000E+00  0.000000E+00  0.000000E+00  0.354189E+05
  0.484661E-01  0.381855E+05  0.158389E+05  0.000000E+00  0.000000E+00  0.000000E+00  0.343783E+05
  0.501089E-01  0.369538E+05  0.160616E+05  0.000000E+00  0.000000E+00  0.000000E+00  0.333944E+05
  0.518073E-01  0.358521E+05  0.164586E+05  0.000000E+00  0.000000E+00  0.000000E+00  0.325480E+05
  0.535634E-01  0.347083E+05  0.168292E+05  0.000000E+00  0.000000E+00  0.000000E+00  0.316623E+05
  0.553789E-01  0.336068E+05  0.172191E+05  0.000000E+00  0.000000E+00  0.000000E+00  0.308148E+05
  0.572560E-01  0.325441E+05  0.175864E+05  0.000000E+00  0.000000E+00  0.000000E+00  0.299958E+05
  0.591966E-01  0.315153E+05  0.178869E+05  0.000000E+00  0.000000E+00  0.000000E+00  0.291934E+05
  0.612031E-01  0.304526E+05  0.180173E+05  0.000000E+00  0.000000E+00  0.000000E+00  0.283340E+05
  0.632776E-01  0.294696E+05  0.180542E+05  0.000000E+00  0.000000E+00  0.000000E+00  0.275247E+05
  0.654224E-01  0.285021E+05  0.179076E+05  0.000000E+00  0.000000E+00  0.000000E+00  0.266971E+05
  0.676399E-01  0.275466E+05  0.175549E+05  0.000000E+00  0.000000E+00  0.000000E+00  0.258443E+05
  0.699326E-01  0.266003E+05  0.169861E+05  0.000000E+00  0.000000E+00  0.000000E+00  0.249623E+05
  0.723029E-01  0.256897E+05  0.162318E+05  0.000000E+00  0.000000E+00  0.000000E+00  0.240783E+05
  0.747537E-01  0.247602E+05  0.152606E+05  0.000000E+00  0.000000E+00  0.000000E+00  0.231418E+05
  0.772874E-01  0.238321E+05  0.141264E+05  0.000000E+00  0.000000E+00  0.000000E+00  0.221786E+05
  0.799071E-01  0.229052E+05  0.128781E+05  0.000000E+00  0.000000E+00  0.000000E+00  0.211969E+05
  0.826156E-01  0.219839E+05  0.115806E+05  0.000000E+00  0.000000E+00  0.000000E+00  0.202115E+05
  0.854158E-01  0.210762E+05  0.103100E+05  0.000000E+00  0.000000E+00  0.000000E+00  0.192420E+05
  0.883110E-01  0.201920E+05  0.914568E+04  0.000000E+00  0.000000E+00  0.000000E+00  0.183101E+05
  0.913043E-01  0.193402E+05  0.816034E+04  0.000000E+00  0.000000E+00  0.000000E+00  0.174354E+05
  0.943991E-01  0.185270E+05  0.741127E+04  0.000000E+00  0.000000E+00  0.000000E+00  0.166332E+05
  0.975987E-01  0.177566E+05  0.693255E+04  0.000000E+00  0.000000E+00  0.000000E+00  0.159125E+05
  0.100907E+00  0.170308E+05  0.672964E+04  0.000000E+00  0.000000E+00  0.000000E+00  0.152758E+05
  0.104327E+00  0.163507E+05  0.677673E+04  0.000000E+00  0.000000E+00  0.000000E+00  0.147196E+05
  0.107863E+00  0.157156E+05  0.701720E+04  0.000000E+00  0.000000E+00  0.000000E+00  0.142337E+05
  0.111519E+00  0.151217E+05  0.736649E+04  0.000000E+00  0.000000E+00  0.000000E+00  0.138005E+05
  0.115299E+00  0.145595E+05  0.772014E+04  0.000000E+00  0.000000E+00  0.000000E+00  0.133943E+05
  0.119207E+00  0.140162E+05  0.797011E+04  0.000000E+00  0.000000E+00  0.000000E+00  0.129861E+05
  0.123248E+00  0.134807E+05  0.802684E+04  0.000000E+00  0.000000E+00  0.000000E+00  0.125516E+05
  0.127425E+00  0.129465E+05  0.783748E+04  0.000000E+00  0.000000E+00  0.000000E+00  0.120761E+05
  0.131745E+00  0.124093E+05  0.739615E+04  0.000000E+00  0.000000E+00  0.000000E+00  0.115552E+05
  0.136210E+00  0.118683E+05  0.674819E+04  0.000000E+00  0.000000E+00  0.000000E+00  0.109960E+05
  0.140827E+00  0.113275E+05  0.598565E+04  0.000000E+00  0.000000E+00  0.000000E+00  0.104174E+05
  0.145600E+00  0.107958E+05  0.522959E+04  0.000000E+00  0.000000E+00  0.000000E+00  0.984748E+04
  0.150535E+00  0.102857E+05  0.460312E+04  0.000000E+00  0.000000E+00  0.000000E+00  0.931756E+04
  0.155638E+00  0.980920E+04  0.419832E+04  0.000000E+00  0.000000E+00  0.000000E+00  0.885327E+04
  0.160913E+00  0.937232E+04  0.404719E+04  0.000000E+00  0.000000E+00  0.000000E+00  0.846508E+04
  0.166367E+00  0.897401E+04  0.411056E+04  0.000000E+00  0.000000E+00  0.000000E+00  0.814542E+04
  0.172006E+00  0.860624E+04  0.428739E+04  0.000000E+00  0.000000E+00  0.000000E+00  0.787043E+04
  0.177837E+00  0.825696E+04  0.444629E+04  0.000000E+00  0.000000E+00  0.000000E+00  0.760774E+04
  0.183864E+00  0.791456E+04  0.447043E+04  0.000000E+00  0.000000E+00  0.000000E+00  0.732778E+04
  0.190096E+00  0.756912E+04  0.429769E+04  0.000000E+00  0.000000E+00  0.000000E+00  0.701177E+04
  0.196540E+00  0.721824E+04  0.394726E+04  0.000000E+00  0.000000E+00  0.000000E+00  0.666096E+04
  0.203202E+00  0.686865E+04  0.351317E+04  0.000000E+00  0.000000E+00  0.000000E+00  0.629698E+04
  0.210089E+00  0.653101E+04  0.312107E+04  0.000000E+00  0.000000E+00  0.000000E+00  0.595006E+04
  0.217210E+00  0.621565E+04  0.287135E+04  0.000000E+00  0.000000E+00  0.000000E+00  0.564588E+04
  0.224572E+00  0.592969E+04  0.279330E+04  0.000000E+00  0.000000E+00  0.000000E+00  0.539534E+04
  0.232184E+00  0.566849E+04  0.282713E+04  0.000000E+00  0.000000E+00  0.000000E+00  0.518441E+04
  0.240054E+00  0.542149E+04  0.286264E+04  0.000000E+00  0.000000E+00  0.000000E+00  0.498554E+04
  0.248191E+00  0.517842E+04  0.280441E+04  0.000000E+00  0.000000E+00  0.000000E+00  0.477396E+04
  0.256603E+00  0.493381E+04  0.262701E+04  0.000000E+00  0.000000E+00  0.000000E+00  0.454080E+04
  0.265301E+00  0.469072E+04  0.238723E+04  0.000000E+00  0.000000E+00  0.000000E+00  0.429828E+04
  0.274293E+00  0.445772E+04  0.217949E+04  0.000000E+00  0.000000E+00  0.000000E+00  0.406958E+04
  0.283590E+00  0.424212E+04  0.206549E+04  0.000000E+00  0.000000E+00  0.000000E+00  0.387128E+04
  0.293203E+00  0.404460E+04  0.203141E+04  0.000000E+00  0.000000E+00  0.000000E+00  0.370161E+04
  0.303141E+00  0.385811E+04  0.200577E+04  0.000000E+00  0.000000E+00  0.000000E+00  0.354253E+04
  0.313416E+00  0.367549E+04  0.192689E+04  0.000000E+00  0.000000E+00  0.000000E+00  0.337758E+04
  0.324039E+00  0.349484E+04  0.179484E+04  0.000000E+00  0.000000E+00  0.000000E+00  0.320521E+04
  0.335023E+00  0.332026E+04  0.166234E+04  0.000000E+00  0.000000E+00  0.000000E+00  0.303780E+04
  0.346378E+00  0.315681E+04  0.157540E+04  0.000000E+00  0.000000E+00  0.000000E+00  0.288738E+04
  0.358119E+00  0.300491E+04  0.152741E+04  0.000000E+00  0.000000E+00  0.000000E+00  0.275319E+04
  0.370257E+00  0.286011E+04  0.147538E+04  0.000000E+00  0.000000E+00  0.000000E+00  0.262420E+04
  0.382807E+00  0.271910E+04  0.139567E+04  0.000000E+00  0.000000E+00  0.000000E+00  0.249363E+04
  0.395783E+00  0.258271E+04  0.130727E+04  0.000000E+00  0.000000E+00  0.000000E+00  0.236541E+04
  0.409198E+00  0.245380E+04  0.123873E+04  0.000000E+00  0.000000E+00  0.000000E+00  0.224679E+04
  0.423068E+00  0.233271E+04  0.118876E+04  0.000000E+00  0.000000E+00  0.000000E+00  0.213782E+04
  0.437407E+00  0.221705E+04  0.113538E+04  0.000000E+00  0.000000E+00  0.000000E+00  0.203276E+04
  0.452233E+00  0.210556E+04  0.107253E+04  0.000000E+00  0.000000E+00  0.000000E+00  0.192956E+04
  0.467562E+00  0.199918E+04  0.101405E+04  0.000000E+00  0.000000E+00  0.000000E+00  0.183134E+04
  0.483410E+00  0.189866E+04  0.966334E+03  0.000000E+00  0.000000E+00  0.000000E+00  0.173982E+04
  0.499795E+00  0.180302E+04  0.920265E+03  0.000000E+00  0.000000E+00  0.000000E+00  0.165263E+04
  0.516736E+00  0.171145E+04  0.871511E+03  0.000000E+00  0.000000E+00  0.000000E+00  0.156835E+04
  0.534250E+00  0.162426E+04  0.826013E+03  0.000000E+00  0.000000E+00  0.000000E+00  0.148826E+04
  0.552359E+00  0.154156E+04  0.785386E+03  0.000000E+00  0.000000E+00  0.000000E+00  0.141273E+04
  0.571081E+00  0.146278E+04  0.745448E+03  0.000000E+00  0.000000E+00  0.000000E+00  0.134057E+04
  0.590438E+00  0.138768E+04  0.706420E+03  0.000000E+00  0.000000E+00  0.000000E+00  0.127161E+04
  0.610451E+00  0.131634E+04  0.670398E+03  0.000000E+00  0.000000E+00  0.000000E+00  0.120629E+04
  0.631142E+00  0.124852E+04  0.636112E+03  0.000000E+00  0.000000E+00  0.000000E+00  0.114418E+04
  0.652535E+00  0.118396E+04  0.602984E+03  0.000000E+00  0.000000E+00  0.000000E+00  0.108498E+04
  0.674653E+00  0.112262E+04  0.571828E+03  0.000000E+00  0.000000E+00  0.000000E+00  0.102878E+04
  0.697520E+00  0.106431E+04  0.542210E+03  0.000000E+00  0.000000E+00  0.000000E+00  0.975363E+03
  0.721163E+00  0.100889E+04  0.513916E+03  0.000000E+00  0.000000E+00  0.000000E+00  0.924559E+03
  0.745607E+00  0.956231E+03  0.487146E+03  0.000000E+00  0.000000E+00  0.000000E+00  0.876313E+03
  0.770879E+00  0.906192E+03  0.461658E+03  0.000000E+00  0.000000E+00  0.000000E+00  0.830457E+03
  0.797008E+00  0.858659E+03  0.437446E+03  0.000000E+00  0.000000E+00  0.000000E+00  0.786897E+03
  0.824022E+00  0.813522E+03  0.414472E+03  0.000000E+00  0.000000E+00  0.000000E+00  0.745535E+03
  0.851953E+00  0.770656E+03  0.392635E+03  0.000000E+00  0.000000E+00  0.000000E+00  0.706253E+03
  0.880830E+00  0.729968E+03  0.371919E+03  0.000000E+00  0.000000E+00  0.000000E+00  0.668967E+03
  0.910686E+00  0.691343E+03  0.352247E+03  0.000000E+00  0.000000E+00  0.000000E+00  0.633571E+03
  0.941553E+00  0.654691E+03  0.333581E+03  0.000000E+00  0.000000E+00  0.000000E+00  0.599983E+03
  0.973468E+00  0.619906E+03  0.315863E+03  0.000000E+00  0.000000E+00  0.000000E+00  0.568106E+03
  0.100646E+01  0.586901E+03  0.299053E+03  0.000000E+00  0.000000E+00  0.000000E+00  0.537860E+03
  0.104058E+01  0.555587E+03  0.283102E+03  0.000000E+00  0.000000E+00  0.000000E+00  0.509163E+03
  0.107585E+01  0.525884E+03  0.267973E+03  0.000000E+00  0.000000E+00  0.000000E+00  0.481944E+03
  0.111231E+01  0.497715E+03  0.253624E+03  0.000000E+00  0.000000E+00  0.000000E+00  0.456129E+03
  0.115002E+01  0.471005E+03  0.240019E+03  0.000000E+00  0.000000E+00  0.000000E+00  0.431652E+03
  0.118900E+01  0.445683E+03  0.227119E+03  0.000000E+00  0.000000E+00  0.000000E+00  0.408446E+03
  0.122930E+01  0.421676E+03  0.214888E+03  0.000000E+00  0.000000E+00  0.000000E+00  0.386445E+03
  0.127096E+01  0.398921E+03  0.203296E+03  0.000000E+00  0.000000E+00  0.000000E+00  0.365593E+03
  0.131404E+01  0.377357E+03  0.192310E+03  0.000000E+00  0.000000E+00  0.000000E+00  0.345830E+03
  0.135858E+01  0.356923E+03  0.181899E+03  0.000000E+00  0.000000E+00  0.000000E+00  0.327104E+03
  0.140463E+01  0.337562E+03  0.172035E+03  0.000000E+00  0.000000E+00  0.000000E+00  0.309361E+03
  0.145224E+01  0.319220E+03  0.162690E+03  0.000000E+00  0.000000E+00  0.000000E+00  0.292552E+03
  0.150147E+01  0.301842E+03  0.153836E+03  0.000000E+00  0.000000E+00  0.000000E+00  0.276626E+03
  0.155236E+01  0.285385E+03  0.145450E+03  0.000000E+00  0.000000E+00  0.000000E+00  0.261544E+03
  0.160498E+01  0.269801E+03  0.137510E+03  0.000000E+00  0.000000E+00  0.000000E+00  0.247262E+03
  0.165938E+01  0.255044E+03  0.129990E+03  0.000000E+00  0.000000E+00  0.000000E+00  0.233739E+03
  0.171562E+01  0.241073E+03  0.122871E+03  0.000000E+00  0.000000E+00  0.000000E+00  0.220935E+03
  0.177377E+01  0.227847E+03  0.116132E+03  0.000000E+00  0.000000E+00  0.000000E+00  0.208814E+03
  0.183390E+01  0.215329E+03  0.109753E+03  0.000000E+00  0.000000E+00  0.000000E+00  0.197342E+03
  0.189606E+01  0.203480E+03  0.103714E+03  0.000000E+00  0.000000E+00  0.000000E+00  0.186482E+03
  0.196032E+01  0.192266E+03  0.979999E+02  0.000000E+00  0.000000E+00  0.000000E+00  0.176205E+03
  0.202677E+01  0.181654E+03  0.925922E+02  0.000000E+00  0.000000E+00  0.000000E+00  0.166480E+03
  0.209547E+01  0.171614E+03  0.874758E+02  0.000000E+00  0.000000E+00  0.000000E+00  0.157280E+03
  0.216649E+01  0.162116E+03  0.826352E+02  0.000000E+00  0.000000E+00  0.000000E+00  0.148575E+03
  0.223993E+01  0.153132E+03  0.780566E+02  0.000000E+00  0.000000E+00  0.000000E+00  0.140341E+03
  0.231585E+01  0.144634E+03  0.737257E+02  0.000000E+00  0.000000E+00  0.000000E+00  0.132553E+03
  0.239434E+01  0.136597E+03  0.696297E+02  0.000000E+00  0.000000E+00  0.000000E+00  0.125188E+03
  0.247550E+01  0.128996E+03  0.657559E+02  0.000000E+00  0.000000E+00  0.000000E+00  0.118222E+03
  0.255941E+01  0.121809E+03  0.620930E+02  0.000000E+00  0.000000E+00  0.000000E+00  0.111635E+03
  0.264616E+01  0.115014E+03  0.586294E+02  0.000000E+00  0.000000E+00  0.000000E+00  0.105407E+03
  0.273585E+01  0.108589E+03  0.553550E+02  0.000000E+00  0.000000E+00  0.000000E+00  0.995197E+02
  0.282858E+01  0.102517E+03  0.522598E+02  0.000000E+00  0.000000E+00  0.000000E+00  0.939543E+02
  0.292446E+01  0.967766E+02  0.493342E+02  0.000000E+00  0.000000E+00  0.000000E+00  0.886938E+02
  0.302358E+01  0.913512E+02  0.465689E+02  0.000000E+00  0.000000E+00  0.000000E+00  0.837216E+02
  0.312607E+01  0.862238E+02  0.439555E+02  0.000000E+00  0.000000E+00  0.000000E+00  0.790226E+02
  0.323203E+01  0.813786E+02  0.414858E+02  0.000000E+00  0.000000E+00  0.000000E+00  0.745821E+02
  0.334158E+01  0.768003E+02  0.391521E+02  0.000000E+00  0.000000E+00  0.000000E+00  0.703861E+02
  0.345484E+01  0.724750E+02  0.369474E+02  0.000000E+00  0.000000E+00  0.000000E+00  0.664221E+02
  0.357194E+01  0.683888E+02  0.348646E+02  0.000000E+00  0.000000E+00  0.000000E+00  0.626772E+02
  0.369301E+01  0.645287E+02  0.328970E+02  0.000000E+00  0.000000E+00  0.000000E+00  0.591396E+02
  0.381819E+01  0.608823E+02  0.310383E+02  0.000000E+00  0.000000E+00  0.000000E+00  0.557978E+02
  0.394761E+01  0.574383E+02  0.292827E+02  0.000000E+00  0.000000E+00  0.000000E+00  0.526414E+02
  0.408141E+01  0.541857E+02  0.276246E+02  0.000000E+00  0.000000E+00  0.000000E+00  0.496605E+02
  0.421975E+01  0.511143E+02  0.260590E+02  0.000000E+00  0.000000E+00  0.000000E+00  0.468456E+02
  0.436278E+01  0.482141E+02  0.245805E+02  0.000000E+00  0.000000E+00  0.000000E+00  0.441876E+02
  0.451066E+01  0.454755E+02  0.231844E+02  0.000000E+00  0.000000E+00  0.000000E+00  0.416777E+02
  0.466355E+01  0.428899E+02  0.218664E+02  0.000000E+00  0.000000E+00  0.000000E+00  0.393081E+02
  0.482162E+01  0.404488E+02  0.206219E+02  0.000000E+00  0.000000E+00  0.000000E+00  0.370709E+02
  0.498505E+01  0.381446E+02  0.194473E+02  0.000000E+00  0.000000E+00  0.000000E+00  0.349591E+02
  0.515402E+01  0.359696E+02  0.183385E+02  0.000000E+00  0.000000E+00  0.000000E+00  0.329658E+02
  0.532871E+01  0.339166E+02  0.172919E+02  0.000000E+00  0.000000E+00  0.000000E+00  0.310843E+02
  0.550933E+01  0.319789E+02  0.163041E+02  0.000000E+00  0.000000E+00  0.000000E+00  0.293084E+02
  0.569607E+01  0.301503E+02  0.153719E+02  0.000000E+00  0.000000E+00  0.000000E+00  0.276325E+02
  0.588914E+01  0.284248E+02  0.144921E+02  0.000000E+00  0.000000E+00  0.000000E+00  0.260511E+02
  0.608875E+01  0.267965E+02  0.136620E+02  0.000000E+00  0.000000E+00  0.000000E+00  0.245588E+02
  0.629513E+01  0.252601E+02  0.128788E+02  0.000000E+00  0.000000E+00  0.000000E+00  0.231507E+02
  0.650850E+01  0.238106E+02  0.121397E+02  0.000000E+00  0.000000E+00  0.000000E+00  0.218222E+02
  0.672911E+01  0.224430E+02  0.114425E+02  0.000000E+00  0.000000E+00  0.000000E+00  0.205689E+02
  0.695719E+01  0.211530E+02  0.107849E+02  0.000000E+00  0.000000E+00  0.000000E+00  0.193866E+02
  0.719301E+01  0.199361E+02  0.101644E+02  0.000000E+00  0.000000E+00  0.000000E+00  0.182713E+02
  0.743682E+01  0.187882E+02  0.957916E+01  0.000000E+00  0.000000E+00  0.000000E+00  0.172192E+02
  0.768889E+01  0.177055E+02  0.902719E+01  0.000000E+00  0.000000E+00  0.000000E+00  0.162270E+02
  0.794951E+01  0.166845E+02  0.850660E+01  0.000000E+00  0.000000E+00  0.000000E+00  0.152912E+02
  0.821895E+01  0.157215E+02  0.801565E+01  0.000000E+00  0.000000E+00  0.000000E+00  0.144087E+02
  0.849754E+01  0.148134E+02  0.755262E+01  0.000000E+00  0.000000E+00  0.000000E+00  0.135764E+02
  0.878556E+01  0.139571E+02  0.711605E+01  0.000000E+00  0.000000E+00  0.000000E+00  0.127916E+02
  0.908335E+01  0.131497E+02  0.670438E+01  0.000000E+00  0.000000E+00  0.000000E+00  0.120516E+02
  0.939123E+01  0.123884E+02  0.631623E+01  0.000000E+00  0.000000E+00  0.000000E+00  0.113539E+02
  0.970955E+01  0.116707E+02  0.595026E+01  0.000000E+00  0.000000E+00  0.000000E+00  0.106961E+02
  0.100386E+02  0.109940E+02  0.560526E+01  0.000000E+00  0.000000E+00  0.000000E+00  0.100760E+02
  0.103789E+02  0.103562E+02  0.528002E+01  0.000000E+00  0.000000E+00  0.000000E+00  0.949134E+01
  0.107307E+02  0.975485E+01  0.497342E+01  0.000000E+00  0.000000E+00  0.000000E+00  0.894023E+01
  0.110944E+02  0.918805E+01  0.468442E+01  0.000000E+00  0.000000E+00  0.000000E+00  0.842077E+01
  0.114705E+02  0.865384E+01  0.441203E+01  0.000000E+00  0.000000E+00  0.000000E+00  0.793116E+01
  0.118593E+02  0.815031E+01  0.415528E+01  0.000000E+00  0.000000E+00  0.000000E+00  0.746967E+01
  0.122612E+02  0.767573E+01  0.391330E+01  0.000000E+00  0.000000E+00  0.000000E+00  0.703472E+01
  0.126768E+02  0.722854E+01  0.368527E+01  0.000000E+00  0.000000E+00  0.000000E+00  0.662487E+01
  0.131065E+02  0.680708E+01  0.347037E+01  0.000000E+00  0.000000E+00  0.000000E+00  0.623860E+01
  0.135508E+02  0.640995E+01  0.326787E+01  0.000000E+00  0.000000E+00  0.000000E+00  0.587463E+01
  0.140101E+02  0.603575E+01  0.307706E+01  0.000000E+00  0.000000E+00  0.000000E+00  0.553168E+01
  0.144849E+02  0.568317E+01  0.289728E+01  0.000000E+00  0.000000E+00  0.000000E+00  0.520853E+01
  0.149759E+02  0.535096E+01  0.272787E+01  0.000000E+00  0.000000E+00  0.000000E+00  0.490406E+01
  0.154835E+02  0.503799E+01  0.256829E+01  0.000000E+00  0.000000E+00  0.000000E+00  0.461723E+01
  0.160083E+02  0.474313E+01  0.241793E+01  0.000000E+00  0.000000E+00  0.000000E+00  0.434698E+01
  0.165509E+02  0.446537E+01  0.227629E+01  0.000000E+00  0.000000E+00  0.000000E+00  0.409241E+01
  0.171119E+02  0.420371E+01  0.214286E+01  0.000000E+00  0.000000E+00  0.000000E+00  0.385260E+01
  0.176919E+02  0.395723E+01  0.201717E+01  0.000000E+00  0.000000E+00  0.000000E+00  0.362670E+01
  0.182916E+02  0.372507E+01  0.189878E+01  0.000000E+00  0.000000E+00  0.000000E+00  0.341393E+01
  0.189116E+02  0.350640E+01  0.178728E+01  0.000000E+00  0.000000E+00  0.000000E+00  0.321352E+01
  0.195526E+02  0.330045E+01  0.168225E+01  0.000000E+00  0.000000E+00  0.000000E+00  0.302476E+01
  0.202154E+02  0.310649E+01  0.158334E+01  0.000000E+00  0.000000E+00  0.000000E+00  0.284699E+01
  0.209006E+02  0.292382E+01  0.149018E+01  0.000000E+00  0.000000E+00  0.000000E+00  0.267957E+01
  0.216090E+02  0.275179E+01  0.140246E+01  0.000000E+00  0.000000E+00  0.000000E+00  0.252191E+01
  0.223414E+02  0.258980E+01  0.131985E+01  0.000000E+00  0.000000E+00  0.000000E+00  0.237344E+01
  0.230987E+02  0.243726E+01  0.124206E+01  0.000000E+00  0.000000E+00  0.000000E+00  0.223363E+01
  0.238816E+02  0.229363E+01  0.116881E+01  0.000000E+00  0.000000E+00  0.000000E+00  0.210199E+01
  0.246911E+02  0.215838E+01  0.109983E+01  0.000000E+00  0.000000E+00  0.000000E+00  0.197803E+01
  0.255280E+02  0.203105E+01  0.103490E+01  0.000000E+00  0.000000E+00  0.000000E+00  0.186133E+01
  0.263933E+02  0.191116E+01  0.973756E+00  0.000000E+00  0.000000E+00  0.000000E+00  0.175145E+01
  0.272879E+02  0.179830E+01  0.916197E+00  0.000000E+00  0.000000E+00  0.000000E+00  0.164801E+01
  0.282128E+02  0.169204E+01  0.862005E+00  0.000000E+00  0.000000E+00  0.000000E+00  0.155063E+01
  0.291691E+02  0.159202E+01  0.810993E+00  0.000000E+00  0.000000E+00  0.000000E+00  0.145895E+01
  0.301578E+02  0.149785E+01  0.762968E+00  0.000000E+00  0.000000E+00  0.000000E+00  0.137265E+01
  0.311800E+02  0.140922E+01  0.717764E+00  0.000000E+00  0.000000E+00  0.000000E+00  0.129141E+01
  0.322368E+02  0.132578E+01  0.675211E+00  0.000000E+00  0.000000E+00  0.000000E+00  0.121494E+01
  0.333295E+02  0.124725E+01  0.635158E+00  0.000000E+00  0.000000E+00  0.000000E+00  0.114297E+01
  0.344592E+02  0.117334E+01  0.597460E+00  0.000000E+00  0.000000E+00  0.000000E+00  0.107522E+01
  0.356272E+02  0.110377E+01  0.561977E+00  0.000000E+00  0.000000E+00  0.000000E+00  0.101146E+01
  0.368348E+02  0.103830E+01  0.528583E+00  0.000000E+00  0.000000E+00  0.000000E+00  0.951456E+00
  0.380833E+02  0.976677E+00  0.497155E+00  0.000000E+00  0.000000E+00  0.000000E+00  0.894981E+00
  0.393741E+02  0.918690E+00  0.467578E+00  0.000000E+00  0.000000E+00  0.000000E+00  0.841834E+00
  0.407088E+02  0.864119E+00  0.439743E+00  0.000000E+00  0.000000E+00  0.000000E+00  0.791818E+00
  0.420886E+02  0.812768E+00  0.413550E+00  0.000000E+00  0.000000E+00  0.000000E+00  0.744753E+00
  0.435152E+02  0.764445E+00  0.388901E+00  0.000000E+00  0.000000E+00  0.000000E+00  0.700464E+00
  0.449901E+02  0.718977E+00  0.365709E+00  0.000000E+00  0.000000E+00  0.000000E+00  0.658790E+00
  0.465151E+02  0.676193E+00  0.343885E+00  0.000000E+00  0.000000E+00  0.000000E+00  0.619577E+00
  0.480917E+02  0.635937E+00  0.323350E+00  0.000000E+00  0.000000E+00  0.000000E+00  0.582681E+00
  0.497218E+02  0.598062E+00  0.304029E+00  0.000000E+00  0.000000E+00  0.000000E+00  0.547967E+00
  0.514071E+02  0.562428E+00  0.285852E+00  0.000000E+00  0.000000E+00  0.000000E+00  0.515308E+00
  0.531495E+02  0.528902E+00  0.268749E+00  0.000000E+00  0.000000E+00  0.000000E+00  0.484580E+00
  0.549511E+02  0.497362E+00  0.252659E+00  0.000000E+00  0.000000E+00  0.000000E+00  0.455672E+00
  0.568136E+02  0.467691E+00  0.237522E+00  0.000000E+00  0.000000E+00  0.000000E+00  0.428477E+00
  0.587394E+02  0.439777E+00  0.223281E+00  0.000000E+00  0.000000E+00  0.000000E+00  0.402893E+00
  0.607303E+02  0.413521E+00  0.209885E+00  0.000000E+00  0.000000E+00  0.000000E+00  0.378827E+00
  0.627888E+02  0.388821E+00  0.197284E+00  0.000000E+00  0.000000E+00  0.000000E+00  0.356188E+00
  0.649170E+02  0.365587E+00  0.185430E+00  0.000000E+00  0.000000E+00  0.000000E+00  0.334894E+00
  0.671174E+02  0.343733E+00  0.174279E+00  0.000000E+00  0.000000E+00  0.000000E+00  0.314863E+00
  0.693923E+02  0.323178E+00  0.163791E+00  0.000000E+00  0.000000E+00  0.000000E+00  0.296023E+00
  0.717444E+02  0.303844E+00  0.153926E+00  0.000000E+00  0.000000E+00  0.000000E+00  0.278302E+00
  0.741761E+02  0.285660E+00  0.144647E+00  0.000000E+00  0.000000E+00  0.000000E+00  0.261635E+00
  0.766904E+02  0.268557E+00  0.135919E+00  0.000000E+00  0.000000E+00  0.000000E+00  0.245960E+00
  0.792898E+02  0.252473E+00  0.127711E+00  0.000000E+00  0.000000E+00  0.000000E+00  0.231217E+00
  0.819773E+02  0.237346E+00  0.119992E+00  0.000000E+00  0.000000E+00  0.000000E+00  0.217352E+00
  0.847559E+02  0.223120E+00  0.112732E+00  0.000000E+00  0.000000E+00  0.000000E+00  0.204313E+00
  0.876288E+02  0.209742E+00  0.105904E+00  0.000000E+00  0.000000E+00  0.000000E+00  0.192051E+00
  0.905989E+02  0.197161E+00  0.994829E-01  0.000000E+00  0.000000E+00  0.000000E+00  0.180520E+00
  0.936699E+02  0.185331E+00  0.934443E-01  0.000000E+00  0.000000E+00  0.000000E+00  0.169676E+00
  0.968448E+02  0.174206E+00  0.877657E-01  0.000000E+00  0.000000E+00  0.000000E+00  0.159479E+00
  0.100127E+03  0.163746E+00  0.824262E-01  0.000000E+00  0.000000E+00  0.000000E+00  0.149891E+00
  0.103521E+03  0.153910E+00  0.774053E-01  0.000000E+00  0.000000E+00  0.000000E+00  0.140876E+00
  0.107030E+03  0.144662E+00  0.726837E-01  0.000000E+00  0.000000E+00  0.000000E+00  0.132399E+00
  0.110658E+03  0.135966E+00  0.682442E-01  0.000000E+00  0.000000E+00  0.000000E+00  0.124428E+00
  0.114409E+03  0.127791E+00  0.640700E-01  0.000000E+00  0.000000E+00  0.000000E+00  0.116935E+00
  0.118286E+03  0.120104E+00  0.601451E-01  0.000000E+00  0.000000E+00  0.000000E+00  0.109889E+00
  0.122296E+03  0.112877E+00  0.564547E-01  0.000000E+00  0.000000E+00  0.000000E+00  0.103264E+00
  0.126441E+03  0.106083E+00  0.529850E-01  0.000000E+00  0.000000E+00  0.000000E+00  0.970364E-01
  0.130727E+03  0.996953E-01  0.497229E-01  0.000000E+00  0.000000E+00  0.000000E+00  0.911815E-01
  0.135158E+03  0.936904E-01  0.466560E-01  0.000000E+00  0.000000E+00  0.000000E+00  0.856772E-01
  0.139739E+03  0.880452E-01  0.437725E-01  0.000000E+00  0.000000E+00  0.000000E+00  0.805024E-01
  0.144475E+03  0.827385E-01  0.410618E-01  0.000000E+00  0.000000E+00  0.000000E+00  0.756380E-01
  0.149372E+03  0.777501E-01  0.385135E-01  0.000000E+00  0.000000E+00  0.000000E+00  0.710654E-01
  0.154436E+03  0.730607E-01  0.361177E-01  0.000000E+00  0.000000E+00  0.000000E+00  0.667667E-01
  0.159670E+03  0.686529E-01  0.338657E-01  0.000000E+00  0.000000E+00  0.000000E+00  0.627262E-01
  0.165082E+03  0.645096E-01  0.317487E-01  0.000000E+00  0.000000E+00  0.000000E+00  0.589281E-01
  0.170677E+03  0.606152E-01  0.297587E-01  0.000000E+00  0.000000E+00  0.000000E+00  0.553581E-01
  0.176463E+03  0.569544E-01  0.278879E-01  0.000000E+00  0.000000E+00  0.000000E+00  0.520024E-01
  0.182444E+03  0.535139E-01  0.261296E-01  0.000000E+00  0.000000E+00  0.000000E+00  0.488484E-01
  0.188628E+03  0.502801E-01  0.244769E-01  0.000000E+00  0.000000E+00  0.000000E+00  0.458840E-01
  0.195021E+03  0.472407E-01  0.229234E-01  0.000000E+00  0.000000E+00  0.000000E+00  0.430977E-01
  0.201632E+03  0.443840E-01  0.214632E-01  0.000000E+00  0.000000E+00  0.000000E+00  0.404789E-01
  0.208466E+03  0.416994E-01  0.200910E-01  0.000000E+00  0.000000E+00  0.000000E+00  0.380179E-01
  0.215532E+03  0.391763E-01  0.188013E-01  0.000000E+00  0.000000E+00  0.000000E+00  0.357050E-01
  0.222837E+03  0.368051E-01  0.175893E-01  0.000000E+00  0.000000E+00  0.000000E+00  0.335313E-01
  0.230391E+03  0.345767E-01  0.164502E-01  0.000000E+00  0.000000E+00  0.000000E+00  0.314884E-01
  0.238200E+03  0.324826E-01  0.153798E-01  0.000000E+00  0.000000E+00  0.000000E+00  0.295688E-01
  0.246273E+03  0.305147E-01  0.143741E-01  0.000000E+00  0.000000E+00  0.000000E+00  0.277648E-01
  0.254621E+03  0.286653E-01  0.134289E-01  0.000000E+00  0.000000E+00  0.000000E+00  0.260695E-01
  0.263252E+03  0.269276E-01  0.125410E-01  0.000000E+00  0.000000E+00  0.000000E+00  0.244765E-01
  0.272174E+03  0.252946E-01  0.117068E-01  0.000000E+00  0.000000E+00  0.000000E+00  0.229797E-01
  0.281400E+03  0.237602E-01  0.109231E-01  0.000000E+00  0.000000E+00  0.000000E+00  0.215732E-01
  0.290938E+03  0.223184E-01  0.101868E-01  0.000000E+00  0.000000E+00  0.000000E+00  0.202515E-01
  0.300799E+03  0.209637E-01  0.949536E-02  0.000000E+00  0.000000E+00  0.000000E+00  0.190098E-01
  0.310995E+03  0.196907E-01  0.884592E-02  0.000000E+00  0.000000E+00  0.000000E+00  0.178431E-01
  0.321536E+03  0.184947E-01  0.823604E-02  0.000000E+00  0.000000E+00  0.000000E+00  0.167469E-01
  0.332435E+03  0.173709E-01  0.766337E-02  0.000000E+00  0.000000E+00  0.000000E+00  0.157170E-01
  0.343702E+03  0.163151E-01  0.712576E-02  0.000000E+00  0.000000E+00  0.000000E+00  0.147495E-01
  0.355352E+03  0.153231E-01  0.662111E-02  0.000000E+00  0.000000E+00  0.000000E+00  0.138406E-01
  0.367397E+03  0.143912E-01  0.614752E-02  0.000000E+00  0.000000E+00  0.000000E+00  0.129867E-01
  0.379850E+03  0.135156E-01  0.570311E-02  0.000000E+00  0.000000E+00  0.000000E+00  0.121845E-01
  0.392725E+03  0.126929E-01  0.528621E-02  0.000000E+00  0.000000E+00  0.000000E+00  0.114310E-01
  0.406036E+03  0.119201E-01  0.489526E-02  0.000000E+00  0.000000E+00  0.000000E+00  0.107233E-01
  0.419799E+03  0.111941E-01  0.452870E-02  0.000000E+00  0.000000E+00  0.000000E+00  0.100585E-01
  0.434028E+03  0.105120E-01  0.418515E-02  0.000000E+00  0.000000E+00  0.000000E+00  0.943413E-02
  0.448740E+03  0.987135E-02  0.386330E-02  0.000000E+00  0.000000E+00  0.000000E+00  0.884776E-02
  0.463949E+03  0.926949E-02  0.356188E-02  0.000000E+00  0.000000E+00  0.000000E+00  0.829708E-02
  0.479676E+03  0.870407E-02  0.327972E-02  0.000000E+00  0.000000E+00  0.000000E+00  0.777993E-02
  0.495934E+03  0.817299E-02  0.301577E-02  0.000000E+00  0.000000E+00  0.000000E+00  0.729435E-02
  0.512744E+03  0.767412E-02  0.276898E-02  0.000000E+00  0.000000E+00  0.000000E+00  0.683843E-02
  0.530123E+03  0.720552E-02  0.253841E-02  0.000000E+00  0.000000E+00  0.000000E+00  0.641038E-02
  0.548092E+03  0.676535E-02  0.232312E-02  0.000000E+00  0.000000E+00  0.000000E+00  0.600853E-02
  0.566670E+03  0.635193E-02  0.212231E-02  0.000000E+00  0.000000E+00  0.000000E+00  0.563132E-02
  0.585877E+03  0.596361E-02  0.193517E-02  0.000000E+00  0.000000E+00  0.000000E+00  0.527729E-02
  0.605735E+03  0.559890E-02  0.176096E-02  0.000000E+00  0.000000E+00  0.000000E+00  0.494503E-02
  0.626267E+03  0.525634E-02  0.159897E-02  0.000000E+00  0.000000E+00  0.000000E+00  0.463323E-02
  0.647494E+03  0.493462E-02  0.144856E-02  0.000000E+00  0.000000E+00  0.000000E+00  0.434070E-02
  0.669441E+03  0.463248E-02  0.130910E-02  0.000000E+00  0.000000E+00  0.000000E+00  0.406627E-02
  0.692132E+03  0.434871E-02  0.118001E-02  0.000000E+00  0.000000E+00  0.000000E+00  0.380885E-02
  0.715592E+03  0.408222E-02  0.106073E-02  0.000000E+00  0.000000E+00  0.000000E+00  0.356745E-02
  0.739846E+03  0.383197E-02  0.950767E-03  0.000000E+00  0.000000E+00  0.000000E+00  0.334110E-02
  0.764923E+03  0.359696E-02  0.849601E-03  0.000000E+00  0.000000E+00  0.000000E+00  0.312889E-02
  0.790852E+03  0.337625E-02  0.756764E-03  0.000000E+00  0.000000E+00  0.000000E+00  0.292997E-02
  0.817657E+03  0.316903E-02  0.671826E-03  0.000000E+00  0.000000E+00  0.000000E+00  0.274358E-02
  0.845371E+03  0.297445E-02  0.594341E-03  0.000000E+00  0.000000E+00  0.000000E+00  0.256895E-02
  0.874025E+03  0.279175E-02  0.523906E-03  0.000000E+00  0.000000E+00  0.000000E+00  0.240537E-02
  0.903651E+03  0.262019E-02  0.460111E-03  0.000000E+00  0.000000E+00  0.000000E+00  0.225218E-02
  0.934280E+03  0.245913E-02  0.402583E-03  0.000000E+00  0.000000E+00  0.000000E+00  0.210876E-02
  0.965947E+03  0.230792E-02  0.350939E-03  0.000000E+00  0.000000E+00  0.000000E+00  0.197451E-02
  0.998688E+03  0.216596E-02  0.304810E-03  0.000000E+00  0.000000E+00  0.000000E+00  0.184887E-02
  0.103254E+04  0.203268E-02  0.263831E-03  0.000000E+00  0.000000E+00  0.000000E+00  0.173132E-02
  0.106754E+04  0.190757E-02  0.227653E-03  0.000000E+00  0.000000E+00  0.000000E+00  0.162136E-02
  0.110372E+04  0.179013E-02  0.195919E-03  0.000000E+00  0.000000E+00  0.000000E+00  0.151852E-02
  0.114113E+04  0.167989E-02  0.168277E-03  0.000000E+00  0.000000E+00  0.000000E+00  0.142235E-02
  0.117981E+04  0.157641E-02  0.144386E-03  0.000000E+00  0.000000E+00  0.000000E+00  0.133244E-02
  0.121980E+04  0.147930E-02  0.123901E-03  0.000000E+00  0.000000E+00  0.000000E+00  0.124838E-02
  0.126115E+04  0.138815E-02  0.106484E-03  0.000000E+00  0.000000E+00  0.000000E+00  0.116979E-02
  0.130389E+04  0.130260E-02  0.917978E-04  0.000000E+00  0.000000E+00  0.000000E+00  0.109631E-02
  0.134809E+04  0.122232E-02  0.795188E-04  0.000000E+00  0.000000E+00  0.000000E+00  0.102762E-02
  0.139378E+04  0.114698E-02  0.693282E-04  0.000000E+00  0.000000E+00  0.000000E+00  0.963379E-03
  0.144102E+04  0.107628E-02  0.609191E-04  0.000000E+00  0.000000E+00  0.000000E+00  0.903292E-03
  0.148987E+04  0.100993E-02  0.540005E-04  0.000000E+00  0.000000E+00  0.000000E+00  0.847072E-03
  0.154037E+04  0.947680E-03  0.482992E-04  0.000000E+00  0.000000E+00  0.000000E+00  0.794453E-03
  0.159258E+04  0.889268E-03  0.435638E-04  0.000000E+00  0.000000E+00  0.000000E+00  0.745185E-03
  0.164656E+04  0.834460E-03  0.395691E-04  0.000000E+00  0.000000E+00  0.000000E+00  0.699034E-03
  0.170237E+04  0.783031E-03  0.361173E-04  0.000000E+00  0.000000E+00  0.000000E+00  0.655779E-03
  0.176007E+04  0.734778E-03  0.330434E-04  0.000000E+00  0.000000E+00  0.000000E+00  0.615223E-03
  0.181973E+04  0.689504E-03  0.302159E-04  0.000000E+00  0.000000E+00  0.000000E+00  0.577181E-03
  0.188141E+04  0.647021E-03  0.275370E-04  0.000000E+00  0.000000E+00  0.000000E+00  0.541479E-03
  0.194518E+04  0.607161E-03  0.249437E-04  0.000000E+00  0.000000E+00  0.000000E+00  0.507968E-03
  0.201111E+04  0.569760E-03  0.224050E-04  0.000000E+00  0.000000E+00  0.000000E+00  0.476507E-03
  0.207928E+04  0.534666E-03  0.199179E-04  0.000000E+00  0.000000E+00  0.000000E+00  0.446969E-03
  0.214976E+04  0.501734E-03  0.175025E-04  0.000000E+00  0.000000E+00  0.000000E+00  0.419235E-03
  0.222262E+04  0.470833E-03  0.151960E-04  0.000000E+00  0.000000E+00  0.000000E+00  0.393206E-03
  0.229796E+04  0.441837E-03  0.130433E-04  0.000000E+00  0.000000E+00  0.000000E+00  0.368783E-03
  0.237585E+04  0.414626E-03  0.110903E-04  0.000000E+00  0.000000E+00  0.000000E+00  0.345875E-03
  0.245638E+04  0.389089E-03  0.937536E-05  0.000000E+00  0.000000E+00  0.000000E+00  0.324397E-03
  0.253964E+04  0.365125E-03  0.792330E-05  0.000000E+00  0.000000E+00  0.000000E+00  0.304269E-03
  0.262572E+04  0.342637E-03  0.674011E-05  0.000000E+00  0.000000E+00  0.000000E+00  0.285410E-03
  0.271471E+04  0.321533E-03  0.581168E-05  0.000000E+00  0.000000E+00  0.000000E+00  0.267743E-03
  0.280673E+04  0.301727E-03  0.510479E-05  0.000000E+00  0.000000E+00  0.000000E+00  0.251191E-03
  0.290187E+04  0.283140E-03  0.457201E-05  0.000000E+00  0.000000E+00  0.000000E+00  0.235681E-03
  0.300022E+04  0.265698E-03  0.415829E-05  0.000000E+00  0.000000E+00  0.000000E+00  0.221140E-03
  0.310192E+04  0.249328E-03  0.380968E-05  0.000000E+00  0.000000E+00  0.000000E+00  0.207499E-03
  0.320706E+04  0.233967E-03  0.348160E-05  0.000000E+00  0.000000E+00  0.000000E+00  0.194700E-03
  0.331576E+04  0.219553E-03  0.314522E-05  0.000000E+00  0.000000E+00  0.000000E+00  0.182683E-03
  0.342815E+04  0.206025E-03  0.279067E-05  0.000000E+00  0.000000E+00  0.000000E+00  0.171400E-03
  0.354435E+04  0.193329E-03  0.242574E-05  0.000000E+00  0.000000E+00  0.000000E+00  0.160805E-03
  0.366448E+04  0.181416E-03  0.207065E-05  0.000000E+00  0.000000E+00  0.000000E+00  0.150861E-03
  0.378869E+04  0.170236E-03  0.174969E-05  0.000000E+00  0.000000E+00  0.000000E+00  0.141531E-03
  0.391711E+04  0.159744E-03  0.148254E-05  0.000000E+00  0.000000E+00  0.000000E+00  0.132781E-03
  0.404988E+04  0.149897E-03  0.127743E-05  0.000000E+00  0.000000E+00  0.000000E+00  0.124576E-03
  0.418715E+04  0.140657E-03  0.112866E-05  0.000000E+00  0.000000E+00  0.000000E+00  0.116885E-03
  0.432907E+04  0.131986E-03  0.101931E-05  0.000000E+00  0.000000E+00  0.000000E+00  0.109673E-03
  0.447581E+04  0.123848E-03  0.928076E-06  0.000000E+00  0.000000E+00  0.000000E+00  0.102906E-03
  0.462752E+04  0.116211E-03  0.837480E-06  0.000000E+00  0.000000E+00  0.000000E+00  0.965551E-04
  0.478437E+04  0.109045E-03  0.739941E-06  0.000000E+00  0.000000E+00  0.000000E+00  0.905933E-04
  0.494653E+04  0.102321E-03  0.638896E-06  0.000000E+00  0.000000E+00  0.000000E+00  0.849970E-04
  0.511420E+04  0.960094E-04  0.544605E-06  0.000000E+00  0.000000E+00  0.000000E+00  0.797450E-04
  0.528755E+04  0.900874E-04  0.466972E-06  0.000000E+00  0.000000E+00  0.000000E+00  0.748187E-04
  0.546677E+04  0.845299E-04  0.409338E-06  0.000000E+00  0.000000E+00  0.000000E+00  0.701983E-04
  0.565206E+04  0.793148E-04  0.367041E-06  0.000000E+00  0.000000E+00  0.000000E+00  0.658645E-04
  0.584365E+04  0.744208E-04  0.331123E-06  0.000000E+00  0.000000E+00  0.000000E+00  0.617981E-04
  0.604171E+04  0.698284E-04  0.294556E-06  0.000000E+00  0.000000E+00  0.000000E+00  0.579819E-04
  0.624650E+04  0.655188E-04  0.256316E-06  0.000000E+00  0.000000E+00  0.000000E+00  0.544000E-04
  0.645822E+04  0.614749E-04  0.220450E-06  0.000000E+00  0.000000E+00  0.000000E+00  0.510389E-04
  0.667713E+04  0.576800E-04  0.191307E-06  0.000000E+00  0.000000E+00  0.000000E+00  0.478856E-04
  0.690345E+04  0.541191E-04  0.169373E-06  0.000000E+00  0.000000E+00  0.000000E+00  0.449276E-04
  0.713744E+04  0.507777E-04  0.151321E-06  0.000000E+00  0.000000E+00  0.000000E+00  0.421524E-04
  0.737936E+04  0.476422E-04  0.133698E-06  0.000000E+00  0.000000E+00  0.000000E+00  0.395482E-04
  0.762949E+04  0.446999E-04  0.116102E-06  0.000000E+00  0.000000E+00  0.000000E+00  0.371041E-04
  0.788809E+04  0.419392E-04  0.100527E-06  0.000000E+00  0.000000E+00  0.000000E+00  0.348111E-04
  0.815546E+04  0.393486E-04  0.882398E-07  0.000000E+00  0.000000E+00  0.000000E+00  0.326598E-04
  0.843190E+04  0.369177E-04  0.782181E-07  0.000000E+00  0.000000E+00  0.000000E+00  0.306413E-04
  0.871769E+04  0.346368E-04  0.688329E-07  0.000000E+00  0.000000E+00  0.000000E+00  0.287475E-04
  0.901318E+04  0.324966E-04  0.599240E-07  0.000000E+00  0.000000E+00  0.000000E+00  0.269704E-04
  0.931867E+04  0.304884E-04  0.523531E-07  0.000000E+00  0.000000E+00  0.000000E+00  0.253030E-04
  0.963454E+04  0.286040E-04  0.462340E-07  0.000000E+00  0.000000E+00  0.000000E+00  0.237386E-04
  0.996110E+04  0.268360E-04  0.408026E-07  0.000000E+00  0.000000E+00  0.000000E+00  0.222709E-04
  0.102987E+05  0.251770E-04  0.357365E-07  0.000000E+00  0.000000E+00  0.000000E+00  0.208937E-04
  0.106478E+05  0.236205E-04  0.313498E-07  0.000000E+00  0.000000E+00  0.000000E+00  0.196016E-04
  0.110087E+05  0.221599E-04  0.276561E-07  0.000000E+00  0.000000E+00  0.000000E+00  0.183892E-04
  0.113819E+05  0.207895E-04  0.243082E-07  0.000000E+00  0.000000E+00  0.000000E+00  0.172518E-04
  0.117676E+05  0.195038E-04  0.212724E-07  0.000000E+00  0.000000E+00  0.000000E+00  0.161846E-04
  0.121665E+05  0.182974E-04  0.186636E-07  0.000000E+00  0.000000E+00  0.000000E+00  0.151833E-04
  0.125789E+05  0.171655E-04  0.163672E-07  0.000000E+00  0.000000E+00  0.000000E+00  0.142438E-04
  0.130053E+05  0.161035E-04  0.143119E-07  0.000000E+00  0.000000E+00  0.000000E+00  0.133624E-04
  0.134461E+05  0.151071E-04  0.125471E-07  0.000000E+00  0.000000E+00  0.000000E+00  0.125355E-04
  0.139018E+05  0.141723E-04  0.110164E-07  0.000000E+00  0.000000E+00  0.000000E+00  0.117596E-04
  0.143730E+05  0.132952E-04  0.967341E-08  0.000000E+00  0.000000E+00  0.000000E+00  0.110317E-04
  0.148602E+05  0.124723E-04  0.851535E-08  0.000000E+00  0.000000E+00  0.000000E+00  0.103488E-04
  0.153639E+05  0.117002E-04  0.749256E-08  0.000000E+00  0.000000E+00  0.000000E+00  0.970813E-05
  0.158847E+05  0.109758E-04  0.658411E-08  0.000000E+00  0.000000E+00  0.000000E+00  0.910698E-05
  0.164231E+05  0.102962E-04  0.577709E-08  0.000000E+00  0.000000E+00  0.000000E+00  0.854306E-05
  0.169797E+05  0.965869E-05  0.505717E-08  0.000000E+00  0.000000E+00  0.000000E+00  0.801399E-05
  0.175553E+05  0.906053E-05  0.442537E-08  0.000000E+00  0.000000E+00  0.000000E+00  0.751764E-05
  0.181503E+05  0.849934E-05  0.387597E-08  0.000000E+00  0.000000E+00  0.000000E+00  0.705196E-05
  0.187655E+05  0.797287E-05  0.340385E-08  0.000000E+00  0.000000E+00  0.000000E+00  0.661511E-05
  0.194016E+05  0.747896E-05  0.299577E-08  0.000000E+00  0.000000E+00  0.000000E+00  0.620527E-05
  0.200592E+05  0.701560E-05  0.263774E-08  0.000000E+00  0.000000E+00  0.000000E+00  0.582080E-05
  0.207391E+05  0.658087E-05  0.231714E-08  0.000000E+00  0.000000E+00  0.000000E+00  0.546008E-05
  0.214421E+05  0.617307E-05  0.202878E-08  0.000000E+00  0.000000E+00  0.000000E+00  0.512170E-05
  0.221688E+05  0.579048E-05  0.177366E-08  0.000000E+00  0.000000E+00  0.000000E+00  0.480426E-05
  0.229203E+05  0.543156E-05  0.155359E-08  0.000000E+00  0.000000E+00  0.000000E+00  0.450645E-05
  0.236971E+05  0.509487E-05  0.136636E-08  0.000000E+00  0.000000E+00  0.000000E+00  0.422709E-05
  0.245004E+05  0.477901E-05  0.120403E-08  0.000000E+00  0.000000E+00  0.000000E+00  0.396501E-05
  0.253308E+05  0.448270E-05  0.105821E-08  0.000000E+00  0.000000E+00  0.000000E+00  0.371916E-05
  0.261894E+05  0.420472E-05  0.925705E-09  0.000000E+00  0.000000E+00  0.000000E+00  0.348852E-05
  0.270771E+05  0.394397E-05  0.808866E-09  0.000000E+00  0.000000E+00  0.000000E+00  0.327217E-05
  0.279949E+05  0.369936E-05  0.710109E-09  0.000000E+00  0.000000E+00  0.000000E+00  0.306922E-05
  0.289437E+05  0.346990E-05  0.626108E-09  0.000000E+00  0.000000E+00  0.000000E+00  0.287884E-05
  0.299248E+05  0.325464E-05  0.550555E-09  0.000000E+00  0.000000E+00  0.000000E+00  0.270024E-05
  0.309391E+05  0.305272E-05  0.481163E-09  0.000000E+00  0.000000E+00  0.000000E+00  0.253271E-05
