656  
0.101956E-04  0.249323E+06  0.249323E+06  0.332430E+06  0.332429E+06  0.000000E+00  0.249323E+06
  0.105412E-04  0.249323E+06  0.249323E+06  0.332429E+06  0.332429E+06  0.000000E+00  0.249323E+06
  0.108984E-04  0.249323E+06  0.249323E+06  0.332429E+06  0.332429E+06  0.000000E+00  0.249323E+06
  0.112678E-04  0.249323E+06  0.249323E+06  0.332429E+06  0.332429E+06  0.000000E+00  0.249323E+06
  0.116498E-04  0.249323E+06  0.249323E+06  0.332429E+06  0.332429E+06  0.000000E+00  0.249323E+06
  0.120446E-04  0.249323E+06  0.249323E+06  0.332429E+06  0.332429E+06  0.000000E+00  0.249323E+06
  0.124529E-04  0.249323E+06  0.249323E+06  0.332429E+06  0.332428E+06  0.000000E+00  0.249323E+06
  0.128750E-04  0.249323E+06  0.249323E+06  0.332429E+06  0.332428E+06  0.000000E+00  0.249323E+06
  0.133114E-04  0.249323E+06  0.249323E+06  0.332428E+06  0.332428E+06  0.000000E+00  0.249323E+06
  0.137626E-04  0.249323E+06  0.249323E+06  0.332428E+06  0.332428E+06  0.000000E+00  0.249323E+06
  0.142291E-04  0.249323E+06  0.249323E+06  0.332428E+06  0.332428E+06  0.000000E+00  0.249323E+06
  0.147114E-04  0.249323E+06  0.249323E+06  0.332428E+06  0.332427E+06  0.000000E+00  0.249323E+06
  0.152100E-04  0.249323E+06  0.249323E+06  0.332428E+06  0.332427E+06  0.000000E+00  0.249323E+06
  0.157255E-04  0.249323E+06  0.249323E+06  0.332427E+06  0.332427E+06  0.000000E+00  0.249323E+06
  0.162586E-04  0.249323E+06  0.249323E+06  0.332427E+06  0.332427E+06  0.000000E+00  0.249323E+06
  0.168097E-04  0.249323E+06  0.249323E+06  0.332427E+06  0.332426E+06  0.000000E+00  0.249323E+06
  0.173794E-04  0.249323E+06  0.249323E+06  0.332426E+06  0.332426E+06  0.000000E+00  0.249323E+06
  0.179685E-04  0.249323E+06  0.249323E+06  0.332426E+06  0.332426E+06  0.000000E+00  0.249323E+06
  0.185775E-04  0.249323E+06  0.249323E+06  0.332426E+06  0.332425E+06  0.000000E+00  0.249323E+06
  0.192072E-04  0.249323E+06  0.249323E+06  0.332425E+06  0.332425E+06  0.000000E+00  0.249323E+06
  0.198583E-04  0.249323E+06  0.249323E+06  0.332425E+06  0.332424E+06  0.000000E+00  0.249323E+06
  0.205314E-04  0.249323E+06  0.249323E+06  0.332425E+06  0.332424E+06  0.000000E+00  0.249323E+06
  0.212273E-04  0.249323E+06  0.249323E+06  0.332424E+06  0.332423E+06  0.000000E+00  0.249323E+06
  0.219468E-04  0.249323E+06  0.249323E+06  0.332424E+06  0.332423E+06  0.000000E+00  0.249323E+06
  0.226907E-04  0.249323E+06  0.249323E+06  0.332423E+06  0.332422E+06  0.000000E+00  0.249323E+06
  0.234598E-04  0.249323E+06  0.249323E+06  0.332423E+06  0.332422E+06  0.000000E+00  0.249323E+06
  0.242549E-04  0.249323E+06  0.249323E+06  0.332422E+06  0.332421E+06  0.000000E+00  0.249323E+06
  0.250771E-04  0.249323E+06  0.249323E+06  0.332421E+06  0.332420E+06  0.000000E+00  0.249323E+06
  0.259270E-04  0.249323E+06  0.249323E+06  0.332421E+06  0.332420E+06  0.000000E+00  0.249323E+06
  0.268058E-04  0.249323E+06  0.249323E+06  0.332420E+06  0.332419E+06  0.000000E+00  0.249323E+06
  0.277144E-04  0.249323E+06  0.249323E+06  0.332419E+06  0.332418E+06  0.000000E+00  0.249323E+06
  0.286538E-04  0.249323E+06  0.249323E+06  0.332418E+06  0.332417E+06  0.000000E+00  0.249323E+06
  0.296250E-04  0.249323E+06  0.249323E+06  0.332417E+06  0.332416E+06  0.000000E+00  0.249323E+06
  0.306292E-04  0.249323E+06  0.249323E+06  0.332416E+06  0.332415E+06  0.000000E+00  0.249323E+06
  0.316674E-04  0.249323E+06  0.249323E+06  0.332415E+06  0.332414E+06  0.000000E+00  0.249323E+06
  0.327407E-04  0.249323E+06  0.249323E+06  0.332414E+06  0.332413E+06  0.000000E+00  0.249323E+06
  0.338505E-04  0.249323E+06  0.249322E+06  0.332413E+06  0.332411E+06  0.000000E+00  0.249323E+06
  0.349979E-04  0.249323E+06  0.249322E+06  0.332412E+06  0.332410E+06  0.000000E+00  0.249322E+06
  0.361841E-04  0.249322E+06  0.249322E+06  0.332411E+06  0.332408E+06  0.000000E+00  0.249322E+06
  0.374106E-04  0.249322E+06  0.249322E+06  0.332409E+06  0.332407E+06  0.000000E+00  0.249322E+06
  0.386786E-04  0.249322E+06  0.249322E+06  0.332408E+06  0.332405E+06  0.000000E+00  0.249322E+06
  0.399896E-04  0.249322E+06  0.249322E+06  0.332406E+06  0.332403E+06  0.000000E+00  0.249322E+06
  0.413451E-04  0.249322E+06  0.249322E+06  0.332404E+06  0.332402E+06  0.000000E+00  0.249322E+06
  0.427465E-04  0.249322E+06  0.249322E+06  0.332403E+06  0.332399E+06  0.000000E+00  0.249322E+06
  0.441954E-04  0.249322E+06  0.249322E+06  0.332401E+06  0.332397E+06  0.000000E+00  0.249322E+06
  0.456934E-04  0.249322E+06  0.249322E+06  0.332398E+06  0.332395E+06  0.000000E+00  0.249322E+06
  0.472422E-04  0.249322E+06  0.249322E+06  0.332396E+06  0.332392E+06  0.000000E+00  0.249322E+06
  0.488434E-04  0.249322E+06  0.249322E+06  0.332394E+06  0.332390E+06  0.000000E+00  0.249322E+06
  0.504990E-04  0.249322E+06  0.249321E+06  0.332391E+06  0.332387E+06  0.000000E+00  0.249322E+06
  0.522107E-04  0.249321E+06  0.249321E+06  0.332388E+06  0.332384E+06  0.000000E+00  0.249321E+06
  0.539803E-04  0.249321E+06  0.249321E+06  0.332386E+06  0.332381E+06  0.000000E+00  0.249321E+06
  0.558100E-04  0.249321E+06  0.249321E+06  0.332382E+06  0.332377E+06  0.000000E+00  0.249321E+06
  0.577017E-04  0.249321E+06  0.249321E+06  0.332379E+06  0.332373E+06  0.000000E+00  0.249321E+06
  0.596575E-04  0.249321E+06  0.249321E+06  0.332375E+06  0.332369E+06  0.000000E+00  0.249321E+06
  0.616796E-04  0.249321E+06  0.249320E+06  0.332372E+06  0.332365E+06  0.000000E+00  0.249321E+06
  0.637702E-04  0.249321E+06  0.249320E+06  0.332368E+06  0.332361E+06  0.000000E+00  0.249320E+06
  0.659317E-04  0.249320E+06  0.249320E+06  0.332363E+06  0.332356E+06  0.000000E+00  0.249320E+06
  0.681665E-04  0.249320E+06  0.249320E+06  0.332358E+06  0.332350E+06  0.000000E+00  0.249320E+06
  0.704770E-04  0.249320E+06  0.249319E+06  0.332353E+06  0.332345E+06  0.000000E+00  0.249320E+06
  0.728658E-04  0.249320E+06  0.249319E+06  0.332348E+06  0.332339E+06  0.000000E+00  0.249320E+06
  0.753356E-04  0.249319E+06  0.249319E+06  0.332342E+06  0.332333E+06  0.000000E+00  0.249319E+06
  0.778891E-04  0.249319E+06  0.249319E+06  0.332336E+06  0.332326E+06  0.000000E+00  0.249319E+06
  0.805292E-04  0.249319E+06  0.249318E+06  0.332330E+06  0.332319E+06  0.000000E+00  0.249319E+06
  0.832588E-04  0.249319E+06  0.249318E+06  0.332323E+06  0.332311E+06  0.000000E+00  0.249318E+06
  0.860808E-04  0.249318E+06  0.249318E+06  0.332315E+06  0.332303E+06  0.000000E+00  0.249318E+06
  0.889986E-04  0.249318E+06  0.249317E+06  0.332307E+06  0.332294E+06  0.000000E+00  0.249318E+06
  0.920152E-04  0.249317E+06  0.249317E+06  0.332299E+06  0.332284E+06  0.000000E+00  0.249317E+06
  0.951340E-04  0.249317E+06  0.249316E+06  0.332290E+06  0.332274E+06  0.000000E+00  0.249317E+06
  0.983586E-04  0.249317E+06  0.249316E+06  0.332280E+06  0.332263E+06  0.000000E+00  0.249316E+06
  0.101692E-03  0.249316E+06  0.249315E+06  0.332269E+06  0.332252E+06  0.000000E+00  0.249316E+06
  0.105139E-03  0.249316E+06  0.249315E+06  0.332258E+06  0.332239E+06  0.000000E+00  0.249316E+06
  0.108703E-03  0.249315E+06  0.249314E+06  0.332246E+06  0.332226E+06  0.000000E+00  0.249315E+06
  0.112388E-03  0.249315E+06  0.249313E+06  0.332234E+06  0.332212E+06  0.000000E+00  0.249314E+06
  0.116197E-03  0.249314E+06  0.249313E+06  0.332220E+06  0.332197E+06  0.000000E+00  0.249314E+06
  0.120135E-03  0.249313E+06  0.249312E+06  0.332205E+06  0.332181E+06  0.000000E+00  0.249313E+06
  0.124207E-03  0.249313E+06  0.249311E+06  0.332190E+06  0.332163E+06  0.000000E+00  0.249312E+06
  0.128417E-03  0.249312E+06  0.249310E+06  0.332173E+06  0.332145E+06  0.000000E+00  0.249312E+06
  0.132770E-03  0.249311E+06  0.249310E+06  0.332155E+06  0.332125E+06  0.000000E+00  0.249311E+06
  0.137271E-03  0.249310E+06  0.249309E+06  0.332136E+06  0.332104E+06  0.000000E+00  0.249310E+06
  0.141923E-03  0.249309E+06  0.249308E+06  0.332116E+06  0.332082E+06  0.000000E+00  0.249309E+06
  0.146734E-03  0.249308E+06  0.249306E+06  0.332094E+06  0.332058E+06  0.000000E+00  0.249308E+06
  0.151707E-03  0.249307E+06  0.249305E+06  0.332071E+06  0.332032E+06  0.000000E+00  0.249307E+06
  0.156849E-03  0.249306E+06  0.249304E+06  0.332046E+06  0.332004E+06  0.000000E+00  0.249306E+06
  0.162166E-03  0.249305E+06  0.249303E+06  0.332020E+06  0.331975E+06  0.000000E+00  0.249305E+06
  0.167663E-03  0.249304E+06  0.249301E+06  0.331992E+06  0.331943E+06  0.000000E+00  0.249303E+06
  0.173345E-03  0.249302E+06  0.249300E+06  0.331961E+06  0.331910E+06  0.000000E+00  0.249302E+06
  0.179221E-03  0.249301E+06  0.249298E+06  0.331929E+06  0.331874E+06  0.000000E+00  0.249301E+06
  0.185296E-03  0.249300E+06  0.249296E+06  0.331894E+06  0.331836E+06  0.000000E+00  0.249299E+06
  0.191576E-03  0.249298E+06  0.249295E+06  0.331857E+06  0.331794E+06  0.000000E+00  0.249297E+06
  0.198070E-03  0.249296E+06  0.249293E+06  0.331818E+06  0.331751E+06  0.000000E+00  0.249296E+06
  0.204784E-03  0.249294E+06  0.249290E+06  0.331775E+06  0.331704E+06  0.000000E+00  0.249294E+06
  0.211725E-03  0.249292E+06  0.249288E+06  0.331730E+06  0.331654E+06  0.000000E+00  0.249292E+06
  0.218901E-03  0.249290E+06  0.249286E+06  0.331682E+06  0.331600E+06  0.000000E+00  0.249289E+06
  0.226321E-03  0.249288E+06  0.249283E+06  0.331630E+06  0.331543E+06  0.000000E+00  0.249287E+06
  0.233992E-03  0.249285E+06  0.249280E+06  0.331575E+06  0.331482E+06  0.000000E+00  0.249284E+06
  0.241923E-03  0.249283E+06  0.249278E+06  0.331516E+06  0.331416E+06  0.000000E+00  0.249282E+06
  0.250123E-03  0.249280E+06  0.249274E+06  0.331453E+06  0.331347E+06  0.000000E+00  0.249279E+06
  0.258601E-03  0.249277E+06  0.249271E+06  0.331386E+06  0.331272E+06  0.000000E+00  0.249276E+06
  0.267366E-03  0.249274E+06  0.249267E+06  0.331314E+06  0.331192E+06  0.000000E+00  0.249273E+06
  0.276429E-03  0.249270E+06  0.249263E+06  0.331237E+06  0.331107E+06  0.000000E+00  0.249269E+06
  0.285798E-03  0.249267E+06  0.249259E+06  0.331155E+06  0.331016E+06  0.000000E+00  0.249265E+06
  0.295486E-03  0.249263E+06  0.249255E+06  0.331067E+06  0.330918E+06  0.000000E+00  0.249261E+06
  0.305501E-03  0.249259E+06  0.249250E+06  0.330973E+06  0.330814E+06  0.000000E+00  0.249257E+06
  0.315856E-03  0.249254E+06  0.249245E+06  0.330873E+06  0.330703E+06  0.000000E+00  0.249253E+06
  0.326562E-03  0.249249E+06  0.249240E+06  0.330766E+06  0.330584E+06  0.000000E+00  0.249248E+06
  0.337631E-03  0.249244E+06  0.249234E+06  0.330651E+06  0.330457E+06  0.000000E+00  0.249242E+06
  0.349075E-03  0.249239E+06  0.249228E+06  0.330529E+06  0.330322E+06  0.000000E+00  0.249237E+06
  0.360907E-03  0.249233E+06  0.249221E+06  0.330398E+06  0.330177E+06  0.000000E+00  0.249231E+06
  0.373140E-03  0.249227E+06  0.249214E+06  0.330258E+06  0.330022E+06  0.000000E+00  0.249225E+06
  0.385788E-03  0.249220E+06  0.249207E+06  0.330109E+06  0.329856E+06  0.000000E+00  0.249218E+06
  0.398864E-03  0.249213E+06  0.249199E+06  0.329950E+06  0.329679E+06  0.000000E+00  0.249210E+06
  0.412383E-03  0.249205E+06  0.249190E+06  0.329779E+06  0.329490E+06  0.000000E+00  0.249203E+06
  0.426361E-03  0.249197E+06  0.249181E+06  0.329597E+06  0.329288E+06  0.000000E+00  0.249194E+06
  0.440813E-03  0.249188E+06  0.249171E+06  0.329402E+06  0.329073E+06  0.000000E+00  0.249186E+06
  0.455754E-03  0.249179E+06  0.249161E+06  0.329194E+06  0.328842E+06  0.000000E+00  0.249176E+06
  0.471202E-03  0.249169E+06  0.249149E+06  0.328972E+06  0.328596E+06  0.000000E+00  0.249166E+06
  0.487173E-03  0.249159E+06  0.249138E+06  0.328735E+06  0.328333E+06  0.000000E+00  0.249155E+06
  0.503686E-03  0.249147E+06  0.249125E+06  0.328482E+06  0.328053E+06  0.000000E+00  0.249143E+06
  0.520759E-03  0.249135E+06  0.249111E+06  0.328211E+06  0.327753E+06  0.000000E+00  0.249131E+06
  0.538410E-03  0.249122E+06  0.249096E+06  0.327922E+06  0.327432E+06  0.000000E+00  0.249118E+06
  0.556659E-03  0.249108E+06  0.249081E+06  0.327613E+06  0.327090E+06  0.000000E+00  0.249104E+06
  0.575527E-03  0.249094E+06  0.249064E+06  0.327283E+06  0.326725E+06  0.000000E+00  0.249089E+06
  0.595035E-03  0.249078E+06  0.249046E+06  0.326930E+06  0.326335E+06  0.000000E+00  0.249072E+06
  0.615204E-03  0.249061E+06  0.249027E+06  0.326554E+06  0.325918E+06  0.000000E+00  0.249055E+06
  0.636056E-03  0.249043E+06  0.249007E+06  0.326152E+06  0.325473E+06  0.000000E+00  0.249037E+06
  0.657615E-03  0.249024E+06  0.248985E+06  0.325723E+06  0.324999E+06  0.000000E+00  0.249017E+06
  0.679905E-03  0.249003E+06  0.248962E+06  0.325265E+06  0.324492E+06  0.000000E+00  0.248996E+06
  0.702951E-03  0.248981E+06  0.248937E+06  0.324776E+06  0.323951E+06  0.000000E+00  0.248973E+06
  0.726777E-03  0.248957E+06  0.248910E+06  0.324254E+06  0.323374E+06  0.000000E+00  0.248949E+06
  0.751412E-03  0.248932E+06  0.248882E+06  0.323697E+06  0.322757E+06  0.000000E+00  0.248924E+06
  0.776881E-03  0.248905E+06  0.248852E+06  0.323102E+06  0.322100E+06  0.000000E+00  0.248896E+06
  0.803213E-03  0.248877E+06  0.248819E+06  0.322467E+06  0.321398E+06  0.000000E+00  0.248867E+06
  0.830438E-03  0.248846E+06  0.248785E+06  0.321790E+06  0.320650E+06  0.000000E+00  0.248835E+06
  0.858586E-03  0.248813E+06  0.248748E+06  0.321067E+06  0.319852E+06  0.000000E+00  0.248802E+06
  0.887688E-03  0.248778E+06  0.248708E+06  0.320296E+06  0.319001E+06  0.000000E+00  0.248766E+06
  0.917776E-03  0.248741E+06  0.248666E+06  0.319474E+06  0.318093E+06  0.000000E+00  0.248728E+06
  0.948884E-03  0.248701E+06  0.248621E+06  0.318597E+06  0.317126E+06  0.000000E+00  0.248687E+06
  0.981047E-03  0.248658E+06  0.248573E+06  0.317662E+06  0.316094E+06  0.000000E+00  0.248644E+06
  0.101430E-02  0.248613E+06  0.248521E+06  0.316665E+06  0.314995E+06  0.000000E+00  0.248597E+06
  0.104868E-02  0.248564E+06  0.248466E+06  0.315603E+06  0.313824E+06  0.000000E+00  0.248547E+06
  0.108422E-02  0.248512E+06  0.248407E+06  0.314470E+06  0.312576E+06  0.000000E+00  0.248494E+06
  0.112097E-02  0.248456E+06  0.248345E+06  0.313264E+06  0.311248E+06  0.000000E+00  0.248437E+06
  0.115897E-02  0.248397E+06  0.248278E+06  0.311978E+06  0.309833E+06  0.000000E+00  0.248377E+06
  0.119825E-02  0.248334E+06  0.248206E+06  0.310609E+06  0.308328E+06  0.000000E+00  0.248312E+06
  0.123887E-02  0.248266E+06  0.248130E+06  0.309152E+06  0.306726E+06  0.000000E+00  0.248243E+06
  0.128086E-02  0.248194E+06  0.248048E+06  0.307600E+06  0.305021E+06  0.000000E+00  0.248169E+06
  0.132427E-02  0.248117E+06  0.247961E+06  0.305949E+06  0.303209E+06  0.000000E+00  0.248090E+06
  0.136916E-02  0.248035E+06  0.247868E+06  0.304193E+06  0.301283E+06  0.000000E+00  0.248006E+06
  0.141557E-02  0.247947E+06  0.247769E+06  0.302326E+06  0.299236E+06  0.000000E+00  0.247916E+06
  0.146355E-02  0.247853E+06  0.247663E+06  0.300340E+06  0.297061E+06  0.000000E+00  0.247821E+06
  0.151316E-02  0.247753E+06  0.247550E+06  0.298230E+06  0.294753E+06  0.000000E+00  0.247718E+06
  0.156445E-02  0.247646E+06  0.247429E+06  0.295989E+06  0.292303E+06  0.000000E+00  0.247609E+06
  0.161747E-02  0.247532E+06  0.247300E+06  0.293610E+06  0.289705E+06  0.000000E+00  0.247493E+06
  0.167230E-02  0.247411E+06  0.247163E+06  0.291085E+06  0.286951E+06  0.000000E+00  0.247369E+06
  0.172898E-02  0.247281E+06  0.247017E+06  0.288407E+06  0.284033E+06  0.000000E+00  0.247236E+06
  0.178758E-02  0.247143E+06  0.246860E+06  0.285567E+06  0.280944E+06  0.000000E+00  0.247095E+06
  0.184817E-02  0.246996E+06  0.246693E+06  0.282559E+06  0.277675E+06  0.000000E+00  0.246944E+06
  0.191082E-02  0.246839E+06  0.246516E+06  0.279374E+06  0.274219E+06  0.000000E+00  0.246784E+06
  0.197559E-02  0.246672E+06  0.246326E+06  0.276004E+06  0.270568E+06  0.000000E+00  0.246613E+06
  0.204255E-02  0.246493E+06  0.246124E+06  0.272440E+06  0.266714E+06  0.000000E+00  0.246430E+06
  0.211178E-02  0.246303E+06  0.245909E+06  0.268675E+06  0.262649E+06  0.000000E+00  0.246236E+06
  0.218336E-02  0.246101E+06  0.245679E+06  0.264700E+06  0.258366E+06  0.000000E+00  0.246029E+06
  0.225737E-02  0.245885E+06  0.245434E+06  0.260508E+06  0.253858E+06  0.000000E+00  0.245808E+06
  0.233388E-02  0.245655E+06  0.245174E+06  0.256091E+06  0.249118E+06  0.000000E+00  0.245573E+06
  0.241299E-02  0.245411E+06  0.244897E+06  0.251441E+06  0.244140E+06  0.000000E+00  0.245323E+06
  0.249477E-02  0.245151E+06  0.244601E+06  0.246552E+06  0.238919E+06  0.000000E+00  0.245057E+06
  0.257933E-02  0.244874E+06  0.244287E+06  0.241417E+06  0.233450E+06  0.000000E+00  0.244774E+06
  0.266676E-02  0.244579E+06  0.243953E+06  0.236031E+06  0.227731E+06  0.000000E+00  0.244473E+06
  0.275715E-02  0.244267E+06  0.243597E+06  0.230390E+06  0.221758E+06  0.000000E+00  0.244152E+06
  0.285060E-02  0.243934E+06  0.243219E+06  0.224489E+06  0.215532E+06  0.000000E+00  0.243812E+06
  0.294723E-02  0.243581E+06  0.242816E+06  0.218328E+06  0.209054E+06  0.000000E+00  0.243450E+06
  0.304712E-02  0.243205E+06  0.242389E+06  0.211905E+06  0.202326E+06  0.000000E+00  0.243066E+06
  0.315041E-02  0.242807E+06  0.241935E+06  0.205221E+06  0.195353E+06  0.000000E+00  0.242658E+06
  0.325719E-02  0.242384E+06  0.241453E+06  0.198280E+06  0.188144E+06  0.000000E+00  0.242226E+06
  0.336759E-02  0.241936E+06  0.240942E+06  0.191088E+06  0.180709E+06  0.000000E+00  0.241766E+06
  0.348174E-02  0.241461E+06  0.240399E+06  0.183653E+06  0.173060E+06  0.000000E+00  0.241280E+06
  0.359975E-02  0.240957E+06  0.239823E+06  0.175986E+06  0.165215E+06  0.000000E+00  0.240764E+06
  0.372177E-02  0.240424E+06  0.239213E+06  0.168100E+06  0.157194E+06  0.000000E+00  0.240218E+06
  0.384792E-02  0.239860E+06  0.238567E+06  0.160015E+06  0.149020E+06  0.000000E+00  0.239640E+06
  0.397834E-02  0.239263E+06  0.237883E+06  0.151751E+06  0.140721E+06  0.000000E+00  0.239028E+06
  0.411319E-02  0.238633E+06  0.237160E+06  0.143334E+06  0.132329E+06  0.000000E+00  0.238382E+06
  0.425260E-02  0.237967E+06  0.236394E+06  0.134794E+06  0.123879E+06  0.000000E+00  0.237699E+06
  0.439675E-02  0.237264E+06  0.235586E+06  0.126164E+06  0.115411E+06  0.000000E+00  0.236978E+06
  0.454577E-02  0.236522E+06  0.234732E+06  0.117484E+06  0.106968E+06  0.000000E+00  0.236217E+06
  0.469985E-02  0.235741E+06  0.233831E+06  0.108796E+06  0.985982E+05  0.000000E+00  0.235416E+06
  0.485916E-02  0.234919E+06  0.232880E+06  0.100148E+06  0.903511E+05  0.000000E+00  0.234572E+06
  0.502386E-02  0.234054E+06  0.231879E+06  0.915907E+05  0.822799E+05  0.000000E+00  0.233684E+06
  0.519414E-02  0.233145E+06  0.230825E+06  0.831797E+05  0.744395E+05  0.000000E+00  0.232750E+06
  0.537020E-02  0.232191E+06  0.229717E+06  0.749733E+05  0.668857E+05  0.000000E+00  0.231769E+06
  0.555222E-02  0.231190E+06  0.228552E+06  0.670322E+05  0.596739E+05  0.000000E+00  0.230741E+06
  0.574042E-02  0.230141E+06  0.227328E+06  0.594183E+05  0.528579E+05  0.000000E+00  0.229662E+06
  0.593499E-02  0.229044E+06  0.226045E+06  0.521935E+05  0.464883E+05  0.000000E+00  0.228533E+06
  0.613615E-02  0.227896E+06  0.224700E+06  0.454184E+05  0.406107E+05  0.000000E+00  0.227352E+06
  0.634414E-02  0.226698E+06  0.223291E+06  0.391504E+05  0.352636E+05  0.000000E+00  0.226117E+06
  0.655917E-02  0.225448E+06  0.221818E+06  0.334417E+05  0.304770E+05  0.000000E+00  0.224829E+06
  0.678150E-02  0.224145E+06  0.220279E+06  0.283373E+05  0.262702E+05  0.000000E+00  0.223486E+06
  0.701136E-02  0.222790E+06  0.218672E+06  0.238723E+05  0.226497E+05  0.000000E+00  0.222088E+06
  0.724901E-02  0.221381E+06  0.216996E+06  0.200703E+05  0.196086E+05  0.000000E+00  0.220634E+06
  0.749471E-02  0.219918E+06  0.215251E+06  0.169404E+05  0.171245E+05  0.000000E+00  0.219123E+06
  0.774875E-02  0.218401E+06  0.213434E+06  0.144758E+05  0.151600E+05  0.000000E+00  0.217555E+06
  0.801139E-02  0.216830E+06  0.211545E+06  0.126519E+05  0.136625E+05  0.000000E+00  0.215930E+06
  0.828294E-02  0.215205E+06  0.209584E+06  0.114253E+05  0.125657E+05  0.000000E+00  0.214247E+06
  0.856369E-02  0.213526E+06  0.207548E+06  0.107336E+05  0.117919E+05  0.000000E+00  0.212507E+06
  0.885396E-02  0.211792E+06  0.205438E+06  0.104966E+05  0.112556E+05  0.000000E+00  0.210710E+06
  0.915407E-02  0.210005E+06  0.203252E+06  0.106176E+05  0.108679E+05  0.000000E+00  0.208854E+06
  0.946434E-02  0.208163E+06  0.200990E+06  0.109877E+05  0.105420E+05  0.000000E+00  0.206941E+06
  0.978514E-02  0.206268E+06  0.198651E+06  0.114899E+05  0.101994E+05  0.000000E+00  0.204971E+06
  0.101168E-01  0.204320E+06  0.196235E+06  0.120059E+05  0.977609E+04  0.000000E+00  0.202942E+06
  0.104597E-01  0.202318E+06  0.193739E+06  0.124230E+05  0.922852E+04  0.000000E+00  0.200856E+06
  0.108143E-01  0.200262E+06  0.191164E+06  0.126422E+05  0.853795E+04  0.000000E+00  0.198712E+06
  0.111808E-01  0.198153E+06  0.188508E+06  0.125868E+05  0.771318E+04  0.000000E+00  0.196510E+06
  0.115598E-01  0.195990E+06  0.185771E+06  0.122090E+05  0.679021E+04  0.000000E+00  0.194249E+06
  0.119516E-01  0.193773E+06  0.182951E+06  0.114969E+05  0.582868E+04  0.000000E+00  0.191929E+06
  0.123567E-01  0.191502E+06  0.180049E+06  0.104762E+05  0.490451E+04  0.000000E+00  0.189551E+06
  0.127755E-01  0.189177E+06  0.177062E+06  0.921061E+04  0.409942E+04  0.000000E+00  0.187113E+06
  0.132086E-01  0.186797E+06  0.173991E+06  0.779606E+04  0.348789E+04  0.000000E+00  0.184615E+06
  0.136563E-01  0.184363E+06  0.170834E+06  0.635092E+04  0.312364E+04  0.000000E+00  0.182058E+06
  0.141191E-01  0.181874E+06  0.167593E+06  0.500169E+04  0.302760E+04  0.000000E+00  0.179441E+06
  0.145977E-01  0.179330E+06  0.164266E+06  0.386563E+04  0.318025E+04  0.000000E+00  0.176764E+06
  0.150925E-01  0.176732E+06  0.160854E+06  0.303235E+04  0.352075E+04  0.000000E+00  0.174027E+06
  0.156041E-01  0.174078E+06  0.157358E+06  0.000000E+00  0.000000E+00  0.000000E+00  0.171230E+06
  0.161330E-01  0.171369E+06  0.153778E+06  0.000000E+00  0.000000E+00  0.000000E+00  0.168372E+06
  0.166798E-01  0.168607E+06  0.150118E+06  0.000000E+00  0.000000E+00  0.000000E+00  0.165457E+06
  0.172452E-01  0.165794E+06  0.146380E+06  0.000000E+00  0.000000E+00  0.000000E+00  0.162486E+06
  0.178297E-01  0.162929E+06  0.142567E+06  0.000000E+00  0.000000E+00  0.000000E+00  0.159460E+06
  0.184340E-01  0.160014E+06  0.138683E+06  0.000000E+00  0.000000E+00  0.000000E+00  0.156380E+06
  0.190588E-01  0.157050E+06  0.134733E+06  0.000000E+00  0.000000E+00  0.000000E+00  0.153248E+06
  0.197048E-01  0.154039E+06  0.130722E+06  0.000000E+00  0.000000E+00  0.000000E+00  0.150067E+06
  0.203727E-01  0.150983E+06  0.126657E+06  0.000000E+00  0.000000E+00  0.000000E+00  0.146839E+06
  0.210633E-01  0.147885E+06  0.122544E+06  0.000000E+00  0.000000E+00  0.000000E+00  0.143567E+06
  0.217772E-01  0.144746E+06  0.118392E+06  0.000000E+00  0.000000E+00  0.000000E+00  0.140256E+06
  0.225154E-01  0.141569E+06  0.114211E+06  0.000000E+00  0.000000E+00  0.000000E+00  0.136908E+06
  0.232785E-01  0.138359E+06  0.110012E+06  0.000000E+00  0.000000E+00  0.000000E+00  0.133530E+06
  0.240676E-01  0.135119E+06  0.105807E+06  0.000000E+00  0.000000E+00  0.000000E+00  0.130125E+06
  0.248833E-01  0.131854E+06  0.101609E+06  0.000000E+00  0.000000E+00  0.000000E+00  0.126701E+06
  0.257268E-01  0.128568E+06  0.974335E+05  0.000000E+00  0.000000E+00  0.000000E+00  0.123263E+06
  0.265988E-01  0.125266E+06  0.932969E+05  0.000000E+00  0.000000E+00  0.000000E+00  0.119820E+06
  0.275003E-01  0.121956E+06  0.892166E+05  0.000000E+00  0.000000E+00  0.000000E+00  0.116378E+06
  0.284325E-01  0.118642E+06  0.852114E+05  0.000000E+00  0.000000E+00  0.000000E+00  0.112947E+06
  0.293962E-01  0.115334E+06  0.813012E+05  0.000000E+00  0.000000E+00  0.000000E+00  0.109536E+06
  0.303926E-01  0.112037E+06  0.775069E+05  0.000000E+00  0.000000E+00  0.000000E+00  0.106154E+06
  0.314227E-01  0.108761E+06  0.738499E+05  0.000000E+00  0.000000E+00  0.000000E+00  0.102813E+06
  0.324878E-01  0.105502E+06  0.703398E+05  0.000000E+00  0.000000E+00  0.000000E+00  0.995113E+05
  0.335890E-01  0.102862E+06  0.675804E+05  0.000000E+00  0.000000E+00  0.000000E+00  0.968513E+05
  0.347275E-01  0.996732E+05  0.644352E+05  0.000000E+00  0.000000E+00  0.000000E+00  0.936697E+05
  0.359046E-01  0.965397E+05  0.615105E+05  0.000000E+00  0.000000E+00  0.000000E+00  0.905718E+05
  0.371216E-01  0.934718E+05  0.588252E+05  0.000000E+00  0.000000E+00  0.000000E+00  0.875691E+05
  0.383798E-01  0.904795E+05  0.563957E+05  0.000000E+00  0.000000E+00  0.000000E+00  0.846726E+05
  0.396807E-01  0.875712E+05  0.542340E+05  0.000000E+00  0.000000E+00  0.000000E+00  0.818915E+05
  0.410257E-01  0.847543E+05  0.523473E+05  0.000000E+00  0.000000E+00  0.000000E+00  0.792331E+05
  0.424162E-01  0.816929E+05  0.504010E+05  0.000000E+00  0.000000E+00  0.000000E+00  0.763617E+05
  0.438539E-01  0.790669E+05  0.490564E+05  0.000000E+00  0.000000E+00  0.000000E+00  0.739540E+05
  0.453404E-01  0.765396E+05  0.479673E+05  0.000000E+00  0.000000E+00  0.000000E+00  0.716717E+05
  0.468772E-01  0.741106E+05  0.471139E+05  0.000000E+00  0.000000E+00  0.000000E+00  0.695112E+05
  0.484661E-01  0.717786E+05  0.464696E+05  0.000000E+00  0.000000E+00  0.000000E+00  0.674667E+05
  0.501089E-01  0.695436E+05  0.460032E+05  0.000000E+00  0.000000E+00  0.000000E+00  0.655330E+05
  0.518073E-01  0.675817E+05  0.458516E+05  0.000000E+00  0.000000E+00  0.000000E+00  0.638795E+05
  0.535634E-01  0.655304E+05  0.456172E+05  0.000000E+00  0.000000E+00  0.000000E+00  0.621378E+05
  0.553789E-01  0.635633E+05  0.454261E+05  0.000000E+00  0.000000E+00  0.000000E+00  0.604732E+05
  0.572560E-01  0.616685E+05  0.452200E+05  0.000000E+00  0.000000E+00  0.000000E+00  0.588662E+05
  0.591966E-01  0.598301E+05  0.449359E+05  0.000000E+00  0.000000E+00  0.000000E+00  0.572926E+05
  0.612031E-01  0.579005E+05  0.443840E+05  0.000000E+00  0.000000E+00  0.000000E+00  0.555977E+05
  0.632776E-01  0.561134E+05  0.437546E+05  0.000000E+00  0.000000E+00  0.000000E+00  0.540078E+05
  0.654224E-01  0.543307E+05  0.428798E+05  0.000000E+00  0.000000E+00  0.000000E+00  0.523798E+05
  0.676399E-01  0.525432E+05  0.417304E+05  0.000000E+00  0.000000E+00  0.000000E+00  0.507010E+05
  0.699326E-01  0.507456E+05  0.402949E+05  0.000000E+00  0.000000E+00  0.000000E+00  0.489651E+05
  0.723029E-01  0.489959E+05  0.386400E+05  0.000000E+00  0.000000E+00  0.000000E+00  0.472316E+05
  0.747537E-01  0.471814E+05  0.366840E+05  0.000000E+00  0.000000E+00  0.000000E+00  0.453930E+05
  0.772874E-01  0.453455E+05  0.345147E+05  0.000000E+00  0.000000E+00  0.000000E+00  0.435003E+05
  0.799071E-01  0.434924E+05  0.321988E+05  0.000000E+00  0.000000E+00  0.000000E+00  0.415683E+05
  0.826156E-01  0.416387E+05  0.298288E+05  0.000000E+00  0.000000E+00  0.000000E+00  0.396267E+05
  0.854158E-01  0.398113E+05  0.275159E+05  0.000000E+00  0.000000E+00  0.000000E+00  0.377165E+05
  0.883110E-01  0.380406E+05  0.253755E+05  0.000000E+00  0.000000E+00  0.000000E+00  0.358829E+05
  0.913043E-01  0.363536E+05  0.235115E+05  0.000000E+00  0.000000E+00  0.000000E+00  0.341657E+05
  0.943991E-01  0.347691E+05  0.220024E+05  0.000000E+00  0.000000E+00  0.000000E+00  0.325940E+05
  0.975987E-01  0.332974E+05  0.208917E+05  0.000000E+00  0.000000E+00  0.000000E+00  0.311839E+05
  0.100907E+00  0.319420E+05  0.201826E+05  0.000000E+00  0.000000E+00  0.000000E+00  0.299385E+05
  0.104327E+00  0.307012E+05  0.198362E+05  0.000000E+00  0.000000E+00  0.000000E+00  0.288501E+05
  0.107863E+00  0.295688E+05  0.197731E+05  0.000000E+00  0.000000E+00  0.000000E+00  0.278999E+05
  0.111519E+00  0.285285E+05  0.198749E+05  0.000000E+00  0.000000E+00  0.000000E+00  0.270542E+05
  0.115299E+00  0.275491E+05  0.199921E+05  0.000000E+00  0.000000E+00  0.000000E+00  0.262616E+05
  0.119207E+00  0.265913E+05  0.199686E+05  0.000000E+00  0.000000E+00  0.000000E+00  0.254630E+05
  0.123248E+00  0.256231E+05  0.196781E+05  0.000000E+00  0.000000E+00  0.000000E+00  0.246102E+05
  0.127425E+00  0.246261E+05  0.190498E+05  0.000000E+00  0.000000E+00  0.000000E+00  0.236761E+05
  0.131745E+00  0.235924E+05  0.180788E+05  0.000000E+00  0.000000E+00  0.000000E+00  0.226530E+05
  0.136210E+00  0.225247E+05  0.168299E+05  0.000000E+00  0.000000E+00  0.000000E+00  0.215545E+05
  0.140827E+00  0.214408E+05  0.154337E+05  0.000000E+00  0.000000E+00  0.000000E+00  0.204174E+05
  0.145600E+00  0.203719E+05  0.140613E+05  0.000000E+00  0.000000E+00  0.000000E+00  0.192968E+05
  0.150535E+00  0.193578E+05  0.128882E+05  0.000000E+00  0.000000E+00  0.000000E+00  0.182556E+05
  0.155638E+00  0.184338E+05  0.120451E+05  0.000000E+00  0.000000E+00  0.000000E+00  0.173454E+05
  0.160913E+00  0.176156E+05  0.115746E+05  0.000000E+00  0.000000E+00  0.000000E+00  0.165864E+05
  0.166367E+00  0.168961E+05  0.114171E+05  0.000000E+00  0.000000E+00  0.000000E+00  0.159627E+05
  0.172006E+00  0.162475E+05  0.114257E+05  0.000000E+00  0.000000E+00  0.000000E+00  0.154260E+05
  0.177837E+00  0.156308E+05  0.114128E+05  0.000000E+00  0.000000E+00  0.000000E+00  0.149122E+05
  0.183864E+00  0.150105E+05  0.112148E+05  0.000000E+00  0.000000E+00  0.000000E+00  0.143638E+05
  0.190096E+00  0.143596E+05  0.107446E+05  0.000000E+00  0.000000E+00  0.000000E+00  0.137437E+05
  0.196540E+00  0.136751E+05  0.100311E+05  0.000000E+00  0.000000E+00  0.000000E+00  0.130543E+05
  0.203202E+00  0.129818E+05  0.921098E+04  0.000000E+00  0.000000E+00  0.000000E+00  0.123394E+05
  0.210089E+00  0.123149E+05  0.846225E+04  0.000000E+00  0.000000E+00  0.000000E+00  0.116585E+05
  0.217210E+00  0.117059E+05  0.792539E+04  0.000000E+00  0.000000E+00  0.000000E+00  0.110618E+05
  0.224572E+00  0.111736E+05  0.764208E+04  0.000000E+00  0.000000E+00  0.000000E+00  0.105720E+05
  0.232184E+00  0.107015E+05  0.752315E+04  0.000000E+00  0.000000E+00  0.000000E+00  0.101600E+05
  0.240054E+00  0.102556E+05  0.741008E+04  0.000000E+00  0.000000E+00  0.000000E+00  0.977084E+04
  0.248191E+00  0.980536E+04  0.716862E+04  0.000000E+00  0.000000E+00  0.000000E+00  0.935614E+04
  0.256603E+00  0.933686E+04  0.676414E+04  0.000000E+00  0.000000E+00  0.000000E+00  0.889854E+04
  0.265301E+00  0.886268E+04  0.627894E+04  0.000000E+00  0.000000E+00  0.000000E+00  0.842248E+04
  0.274293E+00  0.841055E+04  0.584748E+04  0.000000E+00  0.000000E+00  0.000000E+00  0.797388E+04
  0.283590E+00  0.800209E+04  0.555630E+04  0.000000E+00  0.000000E+00  0.000000E+00  0.758540E+04
  0.293203E+00  0.763743E+04  0.538435E+04  0.000000E+00  0.000000E+00  0.000000E+00  0.725357E+04
  0.303141E+00  0.729411E+04  0.522807E+04  0.000000E+00  0.000000E+00  0.000000E+00  0.694212E+04
  0.313416E+00  0.695111E+04  0.500030E+04  0.000000E+00  0.000000E+00  0.000000E+00  0.661875E+04
  0.324039E+00  0.660476E+04  0.470230E+04  0.000000E+00  0.000000E+00  0.000000E+00  0.628064E+04
  0.335023E+00  0.626916E+04  0.440953E+04  0.000000E+00  0.000000E+00  0.000000E+00  0.595233E+04
  0.346378E+00  0.595964E+04  0.418688E+04  0.000000E+00  0.000000E+00  0.000000E+00  0.565762E+04
  0.358119E+00  0.567644E+04  0.402399E+04  0.000000E+00  0.000000E+00  0.000000E+00  0.539491E+04
  0.370257E+00  0.540573E+04  0.385886E+04  0.000000E+00  0.000000E+00  0.000000E+00  0.514219E+04
  0.382807E+00  0.513838E+04  0.365834E+04  0.000000E+00  0.000000E+00  0.000000E+00  0.488623E+04
  0.395783E+00  0.487822E+04  0.344980E+04  0.000000E+00  0.000000E+00  0.000000E+00  0.463486E+04
  0.409198E+00  0.463421E+04  0.327368E+04  0.000000E+00  0.000000E+00  0.000000E+00  0.440242E+04
  0.423068E+00  0.440695E+04  0.312755E+04  0.000000E+00  0.000000E+00  0.000000E+00  0.418898E+04
  0.437407E+00  0.418916E+04  0.297974E+04  0.000000E+00  0.000000E+00  0.000000E+00  0.398311E+04
  0.452233E+00  0.397778E+04  0.282188E+04  0.000000E+00  0.000000E+00  0.000000E+00  0.378085E+04
  0.467562E+00  0.377620E+04  0.267362E+04  0.000000E+00  0.000000E+00  0.000000E+00  0.358835E+04
  0.483410E+00  0.358673E+04  0.254379E+04  0.000000E+00  0.000000E+00  0.000000E+00  0.340904E+04
  0.499795E+00  0.340640E+04  0.241911E+04  0.000000E+00  0.000000E+00  0.000000E+00  0.323819E+04
  0.516736E+00  0.323314E+04  0.229344E+04  0.000000E+00  0.000000E+00  0.000000E+00  0.307304E+04
  0.534250E+00  0.306824E+04  0.217516E+04  0.000000E+00  0.000000E+00  0.000000E+00  0.291609E+04
  0.552359E+00  0.291221E+04  0.206640E+04  0.000000E+00  0.000000E+00  0.000000E+00  0.276811E+04
  0.571081E+00  0.276340E+04  0.196103E+04  0.000000E+00  0.000000E+00  0.000000E+00  0.262670E+04
  0.590438E+00  0.262142E+04  0.185932E+04  0.000000E+00  0.000000E+00  0.000000E+00  0.249158E+04
  0.610451E+00  0.248669E+04  0.176416E+04  0.000000E+00  0.000000E+00  0.000000E+00  0.236359E+04
  0.631142E+00  0.235859E+04  0.167360E+04  0.000000E+00  0.000000E+00  0.000000E+00  0.224188E+04
  0.652535E+00  0.223660E+04  0.158674E+04  0.000000E+00  0.000000E+00  0.000000E+00  0.212588E+04
  0.674653E+00  0.212072E+04  0.150465E+04  0.000000E+00  0.000000E+00  0.000000E+00  0.201576E+04
  0.697520E+00  0.201058E+04  0.142661E+04  0.000000E+00  0.000000E+00  0.000000E+00  0.191109E+04
  0.721163E+00  0.190586E+04  0.135224E+04  0.000000E+00  0.000000E+00  0.000000E+00  0.181154E+04
  0.745607E+00  0.180640E+04  0.128174E+04  0.000000E+00  0.000000E+00  0.000000E+00  0.171701E+04
  0.770879E+00  0.171187E+04  0.121468E+04  0.000000E+00  0.000000E+00  0.000000E+00  0.162716E+04
  0.797008E+00  0.162207E+04  0.115097E+04  0.000000E+00  0.000000E+00  0.000000E+00  0.154180E+04
  0.824022E+00  0.153680E+04  0.109049E+04  0.000000E+00  0.000000E+00  0.000000E+00  0.146076E+04
  0.851953E+00  0.145582E+04  0.103304E+04  0.000000E+00  0.000000E+00  0.000000E+00  0.138379E+04
  0.880830E+00  0.137896E+04  0.978517E+03  0.000000E+00  0.000000E+00  0.000000E+00  0.131073E+04
  0.910686E+00  0.130599E+04  0.926750E+03  0.000000E+00  0.000000E+00  0.000000E+00  0.124138E+04
  0.941553E+00  0.123675E+04  0.877631E+03  0.000000E+00  0.000000E+00  0.000000E+00  0.117557E+04
  0.973468E+00  0.117104E+04  0.831009E+03  0.000000E+00  0.000000E+00  0.000000E+00  0.111311E+04
  0.100646E+01  0.110869E+04  0.786775E+03  0.000000E+00  0.000000E+00  0.000000E+00  0.105384E+04
  0.104058E+01  0.104953E+04  0.744803E+03  0.000000E+00  0.000000E+00  0.000000E+00  0.997615E+03
  0.107585E+01  0.993422E+03  0.704994E+03  0.000000E+00  0.000000E+00  0.000000E+00  0.944282E+03
  0.111231E+01  0.940208E+03  0.667238E+03  0.000000E+00  0.000000E+00  0.000000E+00  0.893702E+03
  0.115002E+01  0.889751E+03  0.631438E+03  0.000000E+00  0.000000E+00  0.000000E+00  0.845742E+03
  0.118900E+01  0.841916E+03  0.597498E+03  0.000000E+00  0.000000E+00  0.000000E+00  0.800275E+03
  0.122930E+01  0.796564E+03  0.565317E+03  0.000000E+00  0.000000E+00  0.000000E+00  0.757166E+03
  0.127096E+01  0.753579E+03  0.534816E+03  0.000000E+00  0.000000E+00  0.000000E+00  0.716308E+03
  0.131404E+01  0.712842E+03  0.505910E+03  0.000000E+00  0.000000E+00  0.000000E+00  0.677587E+03
  0.135858E+01  0.674240E+03  0.478519E+03  0.000000E+00  0.000000E+00  0.000000E+00  0.640895E+03
  0.140463E+01  0.637666E+03  0.452567E+03  0.000000E+00  0.000000E+00  0.000000E+00  0.606131E+03
  0.145224E+01  0.603017E+03  0.427979E+03  0.000000E+00  0.000000E+00  0.000000E+00  0.573196E+03
  0.150147E+01  0.570190E+03  0.404684E+03  0.000000E+00  0.000000E+00  0.000000E+00  0.541993E+03
  0.155236E+01  0.539101E+03  0.382623E+03  0.000000E+00  0.000000E+00  0.000000E+00  0.512442E+03
  0.160498E+01  0.509661E+03  0.361732E+03  0.000000E+00  0.000000E+00  0.000000E+00  0.484459E+03
  0.165938E+01  0.481785E+03  0.341949E+03  0.000000E+00  0.000000E+00  0.000000E+00  0.457961E+03
  0.171562E+01  0.455393E+03  0.323220E+03  0.000000E+00  0.000000E+00  0.000000E+00  0.432875E+03
  0.177377E+01  0.430409E+03  0.305489E+03  0.000000E+00  0.000000E+00  0.000000E+00  0.409126E+03
  0.183390E+01  0.406761E+03  0.288707E+03  0.000000E+00  0.000000E+00  0.000000E+00  0.386648E+03
  0.189606E+01  0.384377E+03  0.272822E+03  0.000000E+00  0.000000E+00  0.000000E+00  0.365372E+03
  0.196032E+01  0.363194E+03  0.257788E+03  0.000000E+00  0.000000E+00  0.000000E+00  0.345236E+03
  0.202677E+01  0.343148E+03  0.243562E+03  0.000000E+00  0.000000E+00  0.000000E+00  0.326181E+03
  0.209547E+01  0.324182E+03  0.230102E+03  0.000000E+00  0.000000E+00  0.000000E+00  0.308154E+03
  0.216649E+01  0.306240E+03  0.217368E+03  0.000000E+00  0.000000E+00  0.000000E+00  0.291099E+03
  0.223993E+01  0.289269E+03  0.205323E+03  0.000000E+00  0.000000E+00  0.000000E+00  0.274967E+03
  0.231585E+01  0.273216E+03  0.193930E+03  0.000000E+00  0.000000E+00  0.000000E+00  0.259708E+03
  0.239434E+01  0.258034E+03  0.183155E+03  0.000000E+00  0.000000E+00  0.000000E+00  0.245277E+03
  0.247550E+01  0.243675E+03  0.172964E+03  0.000000E+00  0.000000E+00  0.000000E+00  0.231628E+03
  0.255941E+01  0.230099E+03  0.163328E+03  0.000000E+00  0.000000E+00  0.000000E+00  0.218723E+03
  0.264616E+01  0.217262E+03  0.154217E+03  0.000000E+00  0.000000E+00  0.000000E+00  0.206521E+03
  0.273585E+01  0.205126E+03  0.145603E+03  0.000000E+00  0.000000E+00  0.000000E+00  0.194985E+03
  0.282858E+01  0.193655E+03  0.137461E+03  0.000000E+00  0.000000E+00  0.000000E+00  0.184081E+03
  0.292446E+01  0.182812E+03  0.129765E+03  0.000000E+00  0.000000E+00  0.000000E+00  0.173774E+03
  0.302358E+01  0.172563E+03  0.122491E+03  0.000000E+00  0.000000E+00  0.000000E+00  0.164032E+03
  0.312607E+01  0.162877E+03  0.115616E+03  0.000000E+00  0.000000E+00  0.000000E+00  0.154825E+03
  0.323203E+01  0.153724E+03  0.109120E+03  0.000000E+00  0.000000E+00  0.000000E+00  0.146125E+03
  0.334158E+01  0.145076E+03  0.102981E+03  0.000000E+00  0.000000E+00  0.000000E+00  0.137904E+03
  0.345484E+01  0.136905E+03  0.971816E+02  0.000000E+00  0.000000E+00  0.000000E+00  0.130138E+03
  0.357194E+01  0.129186E+03  0.917027E+02  0.000000E+00  0.000000E+00  0.000000E+00  0.122800E+03
  0.369301E+01  0.121895E+03  0.865270E+02  0.000000E+00  0.000000E+00  0.000000E+00  0.115869E+03
  0.381819E+01  0.115007E+03  0.816378E+02  0.000000E+00  0.000000E+00  0.000000E+00  0.109322E+03
  0.394761E+01  0.108501E+03  0.770198E+02  0.000000E+00  0.000000E+00  0.000000E+00  0.103137E+03
  0.408141E+01  0.102357E+03  0.726585E+02  0.000000E+00  0.000000E+00  0.000000E+00  0.972970E+02
  0.421975E+01  0.965548E+02  0.685402E+02  0.000000E+00  0.000000E+00  0.000000E+00  0.917819E+02
  0.436278E+01  0.910761E+02  0.646512E+02  0.000000E+00  0.000000E+00  0.000000E+00  0.865741E+02
  0.451066E+01  0.859029E+02  0.609791E+02  0.000000E+00  0.000000E+00  0.000000E+00  0.816566E+02
  0.466355E+01  0.810186E+02  0.575121E+02  0.000000E+00  0.000000E+00  0.000000E+00  0.770138E+02
  0.482162E+01  0.764074E+02  0.542388E+02  0.000000E+00  0.000000E+00  0.000000E+00  0.726305E+02
  0.498505E+01  0.720548E+02  0.511491E+02  0.000000E+00  0.000000E+00  0.000000E+00  0.684931E+02
  0.515402E+01  0.679462E+02  0.482325E+02  0.000000E+00  0.000000E+00  0.000000E+00  0.645875E+02
  0.532871E+01  0.640682E+02  0.454797E+02  0.000000E+00  0.000000E+00  0.000000E+00  0.609012E+02
  0.550933E+01  0.604078E+02  0.428814E+02  0.000000E+00  0.000000E+00  0.000000E+00  0.574219E+02
  0.569607E+01  0.569536E+02  0.404293E+02  0.000000E+00  0.000000E+00  0.000000E+00  0.541384E+02
  0.588914E+01  0.536940E+02  0.381154E+02  0.000000E+00  0.000000E+00  0.000000E+00  0.510399E+02
  0.608875E+01  0.506182E+02  0.359320E+02  0.000000E+00  0.000000E+00  0.000000E+00  0.481161E+02
  0.629513E+01  0.477160E+02  0.338717E+02  0.000000E+00  0.000000E+00  0.000000E+00  0.453573E+02
  0.650850E+01  0.449778E+02  0.319279E+02  0.000000E+00  0.000000E+00  0.000000E+00  0.427545E+02
  0.672911E+01  0.423945E+02  0.300941E+02  0.000000E+00  0.000000E+00  0.000000E+00  0.402989E+02
  0.695719E+01  0.399577E+02  0.283642E+02  0.000000E+00  0.000000E+00  0.000000E+00  0.379825E+02
  0.719301E+01  0.376589E+02  0.267323E+02  0.000000E+00  0.000000E+00  0.000000E+00  0.357974E+02
  0.743682E+01  0.354905E+02  0.251930E+02  0.000000E+00  0.000000E+00  0.000000E+00  0.337361E+02
  0.768889E+01  0.334454E+02  0.237411E+02  0.000000E+00  0.000000E+00  0.000000E+00  0.317921E+02
  0.794951E+01  0.315166E+02  0.223719E+02  0.000000E+00  0.000000E+00  0.000000E+00  0.299586E+02
  0.821895E+01  0.296976E+02  0.210806E+02  0.000000E+00  0.000000E+00  0.000000E+00  0.282295E+02
  0.849754E+01  0.279822E+02  0.198627E+02  0.000000E+00  0.000000E+00  0.000000E+00  0.265988E+02
  0.878556E+01  0.263647E+02  0.187144E+02  0.000000E+00  0.000000E+00  0.000000E+00  0.250613E+02
  0.908335E+01  0.248395E+02  0.176317E+02  0.000000E+00  0.000000E+00  0.000000E+00  0.236115E+02
  0.939123E+01  0.234014E+02  0.166108E+02  0.000000E+00  0.000000E+00  0.000000E+00  0.222445E+02
  0.970955E+01  0.220456E+02  0.156482E+02  0.000000E+00  0.000000E+00  0.000000E+00  0.209557E+02
  0.100386E+02  0.207674E+02  0.147408E+02  0.000000E+00  0.000000E+00  0.000000E+00  0.197407E+02
  0.103789E+02  0.195625E+02  0.138854E+02  0.000000E+00  0.000000E+00  0.000000E+00  0.185953E+02
  0.107307E+02  0.184266E+02  0.130790E+02  0.000000E+00  0.000000E+00  0.000000E+00  0.175155E+02
  0.110944E+02  0.173559E+02  0.123188E+02  0.000000E+00  0.000000E+00  0.000000E+00  0.164978E+02
  0.114705E+02  0.163468E+02  0.116024E+02  0.000000E+00  0.000000E+00  0.000000E+00  0.155385E+02
  0.118593E+02  0.153956E+02  0.109271E+02  0.000000E+00  0.000000E+00  0.000000E+00  0.146343E+02
  0.122612E+02  0.144992E+02  0.102907E+02  0.000000E+00  0.000000E+00  0.000000E+00  0.137822E+02
  0.126768E+02  0.136544E+02  0.969094E+01  0.000000E+00  0.000000E+00  0.000000E+00  0.129792E+02
  0.131065E+02  0.128583E+02  0.912572E+01  0.000000E+00  0.000000E+00  0.000000E+00  0.122224E+02
  0.135508E+02  0.121081E+02  0.859312E+01  0.000000E+00  0.000000E+00  0.000000E+00  0.115093E+02
  0.140101E+02  0.114013E+02  0.809127E+01  0.000000E+00  0.000000E+00  0.000000E+00  0.108373E+02
  0.144849E+02  0.107353E+02  0.761841E+01  0.000000E+00  0.000000E+00  0.000000E+00  0.102042E+02
  0.149759E+02  0.101077E+02  0.717286E+01  0.000000E+00  0.000000E+00  0.000000E+00  0.960770E+01
  0.154835E+02  0.951653E+01  0.675313E+01  0.000000E+00  0.000000E+00  0.000000E+00  0.904573E+01
  0.160083E+02  0.895953E+01  0.635767E+01  0.000000E+00  0.000000E+00  0.000000E+00  0.851625E+01
  0.165509E+02  0.843484E+01  0.598514E+01  0.000000E+00  0.000000E+00  0.000000E+00  0.801749E+01
  0.171119E+02  0.794058E+01  0.563421E+01  0.000000E+00  0.000000E+00  0.000000E+00  0.754764E+01
  0.176919E+02  0.747498E+01  0.530364E+01  0.000000E+00  0.000000E+00  0.000000E+00  0.710505E+01
  0.182916E+02  0.703644E+01  0.499227E+01  0.000000E+00  0.000000E+00  0.000000E+00  0.668818E+01
  0.189116E+02  0.662338E+01  0.469899E+01  0.000000E+00  0.000000E+00  0.000000E+00  0.629553E+01
  0.195526E+02  0.623434E+01  0.442276E+01  0.000000E+00  0.000000E+00  0.000000E+00  0.592570E+01
  0.202154E+02  0.586795E+01  0.416261E+01  0.000000E+00  0.000000E+00  0.000000E+00  0.557741E+01
  0.209006E+02  0.552288E+01  0.391761E+01  0.000000E+00  0.000000E+00  0.000000E+00  0.524939E+01
  0.216090E+02  0.519794E+01  0.368688E+01  0.000000E+00  0.000000E+00  0.000000E+00  0.494050E+01
  0.223414E+02  0.489194E+01  0.346961E+01  0.000000E+00  0.000000E+00  0.000000E+00  0.464962E+01
  0.230987E+02  0.460379E+01  0.326501E+01  0.000000E+00  0.000000E+00  0.000000E+00  0.437570E+01
  0.238816E+02  0.433248E+01  0.307236E+01  0.000000E+00  0.000000E+00  0.000000E+00  0.411779E+01
  0.246911E+02  0.407699E+01  0.289095E+01  0.000000E+00  0.000000E+00  0.000000E+00  0.387492E+01
  0.255280E+02  0.383647E+01  0.272016E+01  0.000000E+00  0.000000E+00  0.000000E+00  0.364628E+01
  0.263933E+02  0.361000E+01  0.255935E+01  0.000000E+00  0.000000E+00  0.000000E+00  0.343100E+01
  0.272879E+02  0.339681E+01  0.240796E+01  0.000000E+00  0.000000E+00  0.000000E+00  0.322834E+01
  0.282128E+02  0.319608E+01  0.226543E+01  0.000000E+00  0.000000E+00  0.000000E+00  0.303753E+01
  0.291691E+02  0.300714E+01  0.213127E+01  0.000000E+00  0.000000E+00  0.000000E+00  0.285792E+01
  0.301578E+02  0.282927E+01  0.200495E+01  0.000000E+00  0.000000E+00  0.000000E+00  0.268883E+01
  0.311800E+02  0.266184E+01  0.188606E+01  0.000000E+00  0.000000E+00  0.000000E+00  0.252967E+01
  0.322368E+02  0.250423E+01  0.177414E+01  0.000000E+00  0.000000E+00  0.000000E+00  0.237985E+01
  0.333295E+02  0.235589E+01  0.166880E+01  0.000000E+00  0.000000E+00  0.000000E+00  0.223883E+01
  0.344592E+02  0.221627E+01  0.156964E+01  0.000000E+00  0.000000E+00  0.000000E+00  0.210610E+01
  0.356272E+02  0.208486E+01  0.147632E+01  0.000000E+00  0.000000E+00  0.000000E+00  0.198118E+01
  0.368348E+02  0.196118E+01  0.138849E+01  0.000000E+00  0.000000E+00  0.000000E+00  0.186361E+01
  0.380833E+02  0.184478E+01  0.130582E+01  0.000000E+00  0.000000E+00  0.000000E+00  0.175296E+01
  0.393741E+02  0.173525E+01  0.122803E+01  0.000000E+00  0.000000E+00  0.000000E+00  0.164883E+01
  0.407088E+02  0.163216E+01  0.115482E+01  0.000000E+00  0.000000E+00  0.000000E+00  0.155084E+01
  0.420886E+02  0.153516E+01  0.108593E+01  0.000000E+00  0.000000E+00  0.000000E+00  0.145863E+01
  0.435152E+02  0.144388E+01  0.102109E+01  0.000000E+00  0.000000E+00  0.000000E+00  0.137185E+01
  0.449901E+02  0.135799E+01  0.960091E+00  0.000000E+00  0.000000E+00  0.000000E+00  0.129020E+01
  0.465151E+02  0.127717E+01  0.902687E+00  0.000000E+00  0.000000E+00  0.000000E+00  0.121337E+01
  0.480917E+02  0.120113E+01  0.848674E+00  0.000000E+00  0.000000E+00  0.000000E+00  0.114108E+01
  0.497218E+02  0.112959E+01  0.797856E+00  0.000000E+00  0.000000E+00  0.000000E+00  0.107307E+01
  0.514071E+02  0.106227E+01  0.750042E+00  0.000000E+00  0.000000E+00  0.000000E+00  0.100908E+01
  0.531495E+02  0.998944E+00  0.705056E+00  0.000000E+00  0.000000E+00  0.000000E+00  0.948874E+00
  0.549511E+02  0.939365E+00  0.662732E+00  0.000000E+00  0.000000E+00  0.000000E+00  0.892235E+00
  0.568136E+02  0.883317E+00  0.622916E+00  0.000000E+00  0.000000E+00  0.000000E+00  0.838952E+00
  0.587394E+02  0.830589E+00  0.585457E+00  0.000000E+00  0.000000E+00  0.000000E+00  0.788826E+00
  0.607303E+02  0.780990E+00  0.550220E+00  0.000000E+00  0.000000E+00  0.000000E+00  0.741673E+00
  0.627888E+02  0.734332E+00  0.517071E+00  0.000000E+00  0.000000E+00  0.000000E+00  0.697317E+00
  0.649170E+02  0.690445E+00  0.485889E+00  0.000000E+00  0.000000E+00  0.000000E+00  0.655595E+00
  0.671174E+02  0.649162E+00  0.456557E+00  0.000000E+00  0.000000E+00  0.000000E+00  0.616348E+00
  0.693923E+02  0.610333E+00  0.428967E+00  0.000000E+00  0.000000E+00  0.000000E+00  0.579434E+00
  0.717444E+02  0.573811E+00  0.403015E+00  0.000000E+00  0.000000E+00  0.000000E+00  0.544713E+00
  0.741761E+02  0.539461E+00  0.378606E+00  0.000000E+00  0.000000E+00  0.000000E+00  0.512056E+00
  0.766904E+02  0.507155E+00  0.355647E+00  0.000000E+00  0.000000E+00  0.000000E+00  0.481342E+00
  0.792898E+02  0.476771E+00  0.334054E+00  0.000000E+00  0.000000E+00  0.000000E+00  0.452457E+00
  0.819773E+02  0.448197E+00  0.313745E+00  0.000000E+00  0.000000E+00  0.000000E+00  0.425290E+00
  0.847559E+02  0.421324E+00  0.294645E+00  0.000000E+00  0.000000E+00  0.000000E+00  0.399742E+00
  0.876288E+02  0.396053E+00  0.276682E+00  0.000000E+00  0.000000E+00  0.000000E+00  0.375715E+00
  0.905989E+02  0.372288E+00  0.259789E+00  0.000000E+00  0.000000E+00  0.000000E+00  0.353122E+00
  0.936699E+02  0.349940E+00  0.243902E+00  0.000000E+00  0.000000E+00  0.000000E+00  0.331874E+00
  0.968448E+02  0.328925E+00  0.228962E+00  0.000000E+00  0.000000E+00  0.000000E+00  0.311894E+00
  0.100127E+03  0.309165E+00  0.214913E+00  0.000000E+00  0.000000E+00  0.000000E+00  0.293108E+00
  0.103521E+03  0.290586E+00  0.201703E+00  0.000000E+00  0.000000E+00  0.000000E+00  0.275443E+00
  0.107030E+03  0.273115E+00  0.189280E+00  0.000000E+00  0.000000E+00  0.000000E+00  0.258832E+00
  0.110658E+03  0.256689E+00  0.177600E+00  0.000000E+00  0.000000E+00  0.000000E+00  0.243215E+00
  0.114409E+03  0.241245E+00  0.166616E+00  0.000000E+00  0.000000E+00  0.000000E+00  0.228531E+00
  0.118286E+03  0.226725E+00  0.156289E+00  0.000000E+00  0.000000E+00  0.000000E+00  0.214725E+00
  0.122296E+03  0.213073E+00  0.146579E+00  0.000000E+00  0.000000E+00  0.000000E+00  0.201744E+00
  0.126441E+03  0.200238E+00  0.137450E+00  0.000000E+00  0.000000E+00  0.000000E+00  0.189541E+00
  0.130727E+03  0.188172E+00  0.128867E+00  0.000000E+00  0.000000E+00  0.000000E+00  0.178068E+00
  0.135158E+03  0.176829E+00  0.120797E+00  0.000000E+00  0.000000E+00  0.000000E+00  0.167283E+00
  0.139739E+03  0.166165E+00  0.113210E+00  0.000000E+00  0.000000E+00  0.000000E+00  0.157143E+00
  0.144475E+03  0.156140E+00  0.106078E+00  0.000000E+00  0.000000E+00  0.000000E+00  0.147611E+00
  0.149372E+03  0.146717E+00  0.993733E-01  0.000000E+00  0.000000E+00  0.000000E+00  0.138651E+00
  0.154436E+03  0.137858E+00  0.930700E-01  0.000000E+00  0.000000E+00  0.000000E+00  0.130228E+00
  0.159670E+03  0.129531E+00  0.871453E-01  0.000000E+00  0.000000E+00  0.000000E+00  0.122310E+00
  0.165082E+03  0.121705E+00  0.815760E-01  0.000000E+00  0.000000E+00  0.000000E+00  0.114868E+00
  0.170677E+03  0.114348E+00  0.763413E-01  0.000000E+00  0.000000E+00  0.000000E+00  0.107873E+00
  0.176463E+03  0.107432E+00  0.714208E-01  0.000000E+00  0.000000E+00  0.000000E+00  0.101297E+00
  0.182444E+03  0.100933E+00  0.667964E-01  0.000000E+00  0.000000E+00  0.000000E+00  0.951170E-01
  0.188628E+03  0.948240E-01  0.624503E-01  0.000000E+00  0.000000E+00  0.000000E+00  0.893084E-01
  0.195021E+03  0.890823E-01  0.583659E-01  0.000000E+00  0.000000E+00  0.000000E+00  0.838491E-01
  0.201632E+03  0.836857E-01  0.545275E-01  0.000000E+00  0.000000E+00  0.000000E+00  0.787180E-01
  0.208466E+03  0.786143E-01  0.509212E-01  0.000000E+00  0.000000E+00  0.000000E+00  0.738962E-01
  0.215532E+03  0.738480E-01  0.475326E-01  0.000000E+00  0.000000E+00  0.000000E+00  0.693646E-01
  0.222837E+03  0.693688E-01  0.443490E-01  0.000000E+00  0.000000E+00  0.000000E+00  0.651062E-01
  0.230391E+03  0.651590E-01  0.413582E-01  0.000000E+00  0.000000E+00  0.000000E+00  0.611041E-01
  0.238200E+03  0.612031E-01  0.385490E-01  0.000000E+00  0.000000E+00  0.000000E+00  0.573435E-01
  0.246273E+03  0.574857E-01  0.359106E-01  0.000000E+00  0.000000E+00  0.000000E+00  0.538099E-01
  0.254621E+03  0.539922E-01  0.334327E-01  0.000000E+00  0.000000E+00  0.000000E+00  0.504894E-01
  0.263252E+03  0.507096E-01  0.311063E-01  0.000000E+00  0.000000E+00  0.000000E+00  0.473697E-01
  0.272174E+03  0.476249E-01  0.289223E-01  0.000000E+00  0.000000E+00  0.000000E+00  0.444385E-01
  0.281400E+03  0.447265E-01  0.268723E-01  0.000000E+00  0.000000E+00  0.000000E+00  0.416847E-01
  0.290938E+03  0.420028E-01  0.249484E-01  0.000000E+00  0.000000E+00  0.000000E+00  0.390973E-01
  0.300799E+03  0.394439E-01  0.231437E-01  0.000000E+00  0.000000E+00  0.000000E+00  0.366668E-01
  0.310995E+03  0.370395E-01  0.214508E-01  0.000000E+00  0.000000E+00  0.000000E+00  0.343836E-01
  0.321536E+03  0.347804E-01  0.198634E-01  0.000000E+00  0.000000E+00  0.000000E+00  0.322390E-01
  0.332435E+03  0.326578E-01  0.183755E-01  0.000000E+00  0.000000E+00  0.000000E+00  0.302245E-01
  0.343702E+03  0.306637E-01  0.169813E-01  0.000000E+00  0.000000E+00  0.000000E+00  0.283326E-01
  0.355352E+03  0.287902E-01  0.156756E-01  0.000000E+00  0.000000E+00  0.000000E+00  0.265559E-01
  0.367397E+03  0.270302E-01  0.144532E-01  0.000000E+00  0.000000E+00  0.000000E+00  0.248875E-01
  0.379850E+03  0.253766E-01  0.133094E-01  0.000000E+00  0.000000E+00  0.000000E+00  0.233207E-01
  0.392725E+03  0.238232E-01  0.122399E-01  0.000000E+00  0.000000E+00  0.000000E+00  0.218497E-01
  0.406036E+03  0.223640E-01  0.112405E-01  0.000000E+00  0.000000E+00  0.000000E+00  0.204689E-01
  0.419799E+03  0.209933E-01  0.103073E-01  0.000000E+00  0.000000E+00  0.000000E+00  0.191727E-01
  0.434028E+03  0.197057E-01  0.943673E-02  0.000000E+00  0.000000E+00  0.000000E+00  0.179562E-01
  0.448740E+03  0.184963E-01  0.862525E-02  0.000000E+00  0.000000E+00  0.000000E+00  0.168146E-01
  0.463949E+03  0.173603E-01  0.786968E-02  0.000000E+00  0.000000E+00  0.000000E+00  0.157434E-01
  0.479676E+03  0.162933E-01  0.716691E-02  0.000000E+00  0.000000E+00  0.000000E+00  0.147385E-01
  0.495934E+03  0.152913E-01  0.651420E-02  0.000000E+00  0.000000E+00  0.000000E+00  0.137959E-01
  0.512744E+03  0.143501E-01  0.590882E-02  0.000000E+00  0.000000E+00  0.000000E+00  0.129120E-01
  0.530123E+03  0.134663E-01  0.534822E-02  0.000000E+00  0.000000E+00  0.000000E+00  0.120833E-01
  0.548092E+03  0.126363E-01  0.482998E-02  0.000000E+00  0.000000E+00  0.000000E+00  0.113064E-01
  0.566670E+03  0.118569E-01  0.435186E-02  0.000000E+00  0.000000E+00  0.000000E+00  0.105783E-01
  0.585877E+03  0.111251E-01  0.391169E-02  0.000000E+00  0.000000E+00  0.000000E+00  0.989617E-02
  0.605735E+03  0.104380E-01  0.350740E-02  0.000000E+00  0.000000E+00  0.000000E+00  0.925723E-02
  0.626267E+03  0.979284E-02  0.313700E-02  0.000000E+00  0.000000E+00  0.000000E+00  0.865888E-02
  0.647494E+03  0.918718E-02  0.279865E-02  0.000000E+00  0.000000E+00  0.000000E+00  0.809877E-02
  0.669441E+03  0.861861E-02  0.249050E-02  0.000000E+00  0.000000E+00  0.000000E+00  0.757457E-02
  0.692132E+03  0.808489E-02  0.221079E-02  0.000000E+00  0.000000E+00  0.000000E+00  0.708412E-02
  0.715592E+03  0.758393E-02  0.195782E-02  0.000000E+00  0.000000E+00  0.000000E+00  0.662541E-02
  0.739846E+03  0.711377E-02  0.172993E-02  0.000000E+00  0.000000E+00  0.000000E+00  0.619652E-02
  0.764923E+03  0.667252E-02  0.152547E-02  0.000000E+00  0.000000E+00  0.000000E+00  0.579562E-02
  0.790852E+03  0.625841E-02  0.134286E-02  0.000000E+00  0.000000E+00  0.000000E+00  0.542095E-02
  0.817657E+03  0.586990E-02  0.118053E-02  0.000000E+00  0.000000E+00  0.000000E+00  0.507097E-02
  0.845371E+03  0.550536E-02  0.103693E-02  0.000000E+00  0.000000E+00  0.000000E+00  0.474407E-02
  0.874025E+03  0.516338E-02  0.910531E-03  0.000000E+00  0.000000E+00  0.000000E+00  0.443882E-02
  0.903651E+03  0.484254E-02  0.799819E-03  0.000000E+00  0.000000E+00  0.000000E+00  0.415378E-02
  0.934280E+03  0.454163E-02  0.703332E-03  0.000000E+00  0.000000E+00  0.000000E+00  0.388769E-02
  0.965947E+03  0.425939E-02  0.619612E-03  0.000000E+00  0.000000E+00  0.000000E+00  0.363928E-02
  0.998688E+03  0.399469E-02  0.547244E-03  0.000000E+00  0.000000E+00  0.000000E+00  0.340735E-02
  0.103254E+04  0.374645E-02  0.484855E-03  0.000000E+00  0.000000E+00  0.000000E+00  0.319077E-02
  0.106754E+04  0.351369E-02  0.431141E-03  0.000000E+00  0.000000E+00  0.000000E+00  0.298851E-02
  0.110372E+04  0.329543E-02  0.384852E-03  0.000000E+00  0.000000E+00  0.000000E+00  0.279956E-02
  0.114113E+04  0.309078E-02  0.344824E-03  0.000000E+00  0.000000E+00  0.000000E+00  0.262295E-02
  0.117981E+04  0.289891E-02  0.309994E-03  0.000000E+00  0.000000E+00  0.000000E+00  0.245784E-02
  0.121980E+04  0.271903E-02  0.279400E-03  0.000000E+00  0.000000E+00  0.000000E+00  0.230339E-02
  0.126115E+04  0.255038E-02  0.252206E-03  0.000000E+00  0.000000E+00  0.000000E+00  0.215884E-02
  0.130389E+04  0.239225E-02  0.227704E-03  0.000000E+00  0.000000E+00  0.000000E+00  0.202347E-02
  0.134809E+04  0.224400E-02  0.205328E-03  0.000000E+00  0.000000E+00  0.000000E+00  0.189667E-02
  0.139378E+04  0.210500E-02  0.184647E-03  0.000000E+00  0.000000E+00  0.000000E+00  0.177783E-02
  0.144102E+04  0.197467E-02  0.165367E-03  0.000000E+00  0.000000E+00  0.000000E+00  0.166642E-02
  0.148987E+04  0.185245E-02  0.147314E-03  0.000000E+00  0.000000E+00  0.000000E+00  0.156194E-02
  0.154037E+04  0.173784E-02  0.130426E-03  0.000000E+00  0.000000E+00  0.000000E+00  0.146398E-02
  0.159258E+04  0.163036E-02  0.114724E-03  0.000000E+00  0.000000E+00  0.000000E+00  0.137214E-02
  0.164656E+04  0.152956E-02  0.100282E-03  0.000000E+00  0.000000E+00  0.000000E+00  0.128605E-02
  0.170237E+04  0.143500E-02  0.871984E-04  0.000000E+00  0.000000E+00  0.000000E+00  0.120538E-02
  0.176007E+04  0.134632E-02  0.755680E-04  0.000000E+00  0.000000E+00  0.000000E+00  0.112982E-02
  0.181973E+04  0.126313E-02  0.654453E-04  0.000000E+00  0.000000E+00  0.000000E+00  0.105908E-02
  0.188141E+04  0.118509E-02  0.568267E-04  0.000000E+00  0.000000E+00  0.000000E+00  0.992870E-03
  0.194518E+04  0.111189E-02  0.496376E-04  0.000000E+00  0.000000E+00  0.000000E+00  0.930912E-03
  0.201111E+04  0.104322E-02  0.437292E-04  0.000000E+00  0.000000E+00  0.000000E+00  0.872933E-03
  0.207928E+04  0.978795E-03  0.388914E-04  0.000000E+00  0.000000E+00  0.000000E+00  0.818664E-03
  0.214976E+04  0.918358E-03  0.348764E-04  0.000000E+00  0.000000E+00  0.000000E+00  0.767839E-03
  0.222262E+04  0.861665E-03  0.314314E-04  0.000000E+00  0.000000E+00  0.000000E+00  0.720218E-03
  0.229796E+04  0.808482E-03  0.283314E-04  0.000000E+00  0.000000E+00  0.000000E+00  0.675568E-03
  0.237585E+04  0.758590E-03  0.254110E-04  0.000000E+00  0.000000E+00  0.000000E+00  0.633678E-03
  0.245638E+04  0.711780E-03  0.225825E-04  0.000000E+00  0.000000E+00  0.000000E+00  0.594361E-03
  0.253964E+04  0.667868E-03  0.198400E-04  0.000000E+00  0.000000E+00  0.000000E+00  0.557463E-03
  0.262572E+04  0.626670E-03  0.172413E-04  0.000000E+00  0.000000E+00  0.000000E+00  0.522841E-03
  0.271471E+04  0.588014E-03  0.148773E-04  0.000000E+00  0.000000E+00  0.000000E+00  0.490369E-03
  0.280673E+04  0.551744E-03  0.128336E-04  0.000000E+00  0.000000E+00  0.000000E+00  0.459930E-03
  0.290187E+04  0.517714E-03  0.111551E-04  0.000000E+00  0.000000E+00  0.000000E+00  0.431411E-03
  0.300022E+04  0.485783E-03  0.982559E-05  0.000000E+00  0.000000E+00  0.000000E+00  0.404694E-03
  0.310192E+04  0.455819E-03  0.877150E-05  0.000000E+00  0.000000E+00  0.000000E+00  0.379655E-03
  0.320706E+04  0.427706E-03  0.788694E-05  0.000000E+00  0.000000E+00  0.000000E+00  0.356181E-03
  0.331576E+04  0.401328E-03  0.707136E-05  0.000000E+00  0.000000E+00  0.000000E+00  0.334158E-03
  0.342815E+04  0.376576E-03  0.626509E-05  0.000000E+00  0.000000E+00  0.000000E+00  0.313486E-03
  0.354435E+04  0.353350E-03  0.546513E-05  0.000000E+00  0.000000E+00  0.000000E+00  0.294081E-03
  0.366448E+04  0.331557E-03  0.471413E-05  0.000000E+00  0.000000E+00  0.000000E+00  0.275873E-03
  0.378869E+04  0.311108E-03  0.406679E-05  0.000000E+00  0.000000E+00  0.000000E+00  0.258797E-03
  0.391711E+04  0.291919E-03  0.355295E-05  0.000000E+00  0.000000E+00  0.000000E+00  0.242790E-03
  0.404988E+04  0.273912E-03  0.315781E-05  0.000000E+00  0.000000E+00  0.000000E+00  0.227784E-03
  0.418715E+04  0.257016E-03  0.283213E-05  0.000000E+00  0.000000E+00  0.000000E+00  0.213711E-03
  0.432907E+04  0.241162E-03  0.252469E-05  0.000000E+00  0.000000E+00  0.000000E+00  0.200506E-03
  0.447581E+04  0.226285E-03  0.221412E-05  0.000000E+00  0.000000E+00  0.000000E+00  0.188110E-03
  0.462752E+04  0.212325E-03  0.191619E-05  0.000000E+00  0.000000E+00  0.000000E+00  0.176477E-03
  0.478437E+04  0.199225E-03  0.166135E-05  0.000000E+00  0.000000E+00  0.000000E+00  0.165566E-03
  0.494653E+04  0.186933E-03  0.146290E-05  0.000000E+00  0.000000E+00  0.000000E+00  0.155335E-03
  0.511420E+04  0.175398E-03  0.130460E-05  0.000000E+00  0.000000E+00  0.000000E+00  0.145738E-03
  0.528755E+04  0.164575E-03  0.115829E-05  0.000000E+00  0.000000E+00  0.000000E+00  0.136733E-03
  0.546677E+04  0.154418E-03  0.101169E-05  0.000000E+00  0.000000E+00  0.000000E+00  0.128282E-03
  0.565206E+04  0.144888E-03  0.875974E-06  0.000000E+00  0.000000E+00  0.000000E+00  0.120353E-03
  0.584365E+04  0.135945E-03  0.766216E-06  0.000000E+00  0.000000E+00  0.000000E+00  0.112914E-03
  0.604171E+04  0.127553E-03  0.680359E-06  0.000000E+00  0.000000E+00  0.000000E+00  0.105938E-03
  0.624650E+04  0.119679E-03  0.603197E-06  0.000000E+00  0.000000E+00  0.000000E+00  0.993916E-04
  0.645822E+04  0.112290E-03  0.527257E-06  0.000000E+00  0.000000E+00  0.000000E+00  0.932487E-04
  0.667713E+04  0.105356E-03  0.459252E-06  0.000000E+00  0.000000E+00  0.000000E+00  0.874849E-04
  0.690345E+04  0.988504E-04  0.404797E-06  0.000000E+00  0.000000E+00  0.000000E+00  0.820782E-04
  0.713744E+04  0.927458E-04  0.358280E-06  0.000000E+00  0.000000E+00  0.000000E+00  0.770057E-04
  0.737936E+04  0.870177E-04  0.313477E-06  0.000000E+00  0.000000E+00  0.000000E+00  0.722459E-04
  0.762949E+04  0.816425E-04  0.273167E-06  0.000000E+00  0.000000E+00  0.000000E+00  0.677796E-04
  0.788809E+04  0.765992E-04  0.240649E-06  0.000000E+00  0.000000E+00  0.000000E+00  0.635899E-04
  0.815546E+04  0.718668E-04  0.212442E-06  0.000000E+00  0.000000E+00  0.000000E+00  0.596590E-04
  0.843190E+04  0.674262E-04  0.185959E-06  0.000000E+00  0.000000E+00  0.000000E+00  0.559705E-04
  0.871769E+04  0.632598E-04  0.163201E-06  0.000000E+00  0.000000E+00  0.000000E+00  0.525100E-04
  0.901318E+04  0.593505E-04  0.143868E-06  0.000000E+00  0.000000E+00  0.000000E+00  0.492634E-04
  0.931867E+04  0.556823E-04  0.125923E-06  0.000000E+00  0.000000E+00  0.000000E+00  0.462171E-04
  0.963454E+04  0.522403E-04  0.110234E-06  0.000000E+00  0.000000E+00  0.000000E+00  0.433589E-04
  0.996110E+04  0.490109E-04  0.970670E-07  0.000000E+00  0.000000E+00  0.000000E+00  0.406774E-04
  0.102987E+05  0.459808E-04  0.852112E-07  0.000000E+00  0.000000E+00  0.000000E+00  0.381615E-04
  0.106478E+05  0.431377E-04  0.748770E-07  0.000000E+00  0.000000E+00  0.000000E+00  0.358011E-04
  0.110087E+05  0.404701E-04  0.657980E-07  0.000000E+00  0.000000E+00  0.000000E+00  0.335864E-04
  0.113819E+05  0.379672E-04  0.575815E-07  0.000000E+00  0.000000E+00  0.000000E+00  0.315085E-04
  0.117676E+05  0.356189E-04  0.505566E-07  0.000000E+00  0.000000E+00  0.000000E+00  0.295591E-04
  0.121665E+05  0.334156E-04  0.444165E-07  0.000000E+00  0.000000E+00  0.000000E+00  0.277301E-04
  0.125789E+05  0.313482E-04  0.390545E-07  0.000000E+00  0.000000E+00  0.000000E+00  0.260141E-04
  0.130053E+05  0.294087E-04  0.342692E-07  0.000000E+00  0.000000E+00  0.000000E+00  0.244041E-04
  0.134461E+05  0.275889E-04  0.300148E-07  0.000000E+00  0.000000E+00  0.000000E+00  0.228937E-04
  0.139018E+05  0.258815E-04  0.263513E-07  0.000000E+00  0.000000E+00  0.000000E+00  0.214766E-04
  0.143730E+05  0.242797E-04  0.231729E-07  0.000000E+00  0.000000E+00  0.000000E+00  0.201471E-04
  0.148602E+05  0.227768E-04  0.203479E-07  0.000000E+00  0.000000E+00  0.000000E+00  0.188998E-04
  0.153639E+05  0.213669E-04  0.178196E-07  0.000000E+00  0.000000E+00  0.000000E+00  0.177296E-04
  0.158847E+05  0.200439E-04  0.156396E-07  0.000000E+00  0.000000E+00  0.000000E+00  0.166317E-04
  0.164231E+05  0.188028E-04  0.137585E-07  0.000000E+00  0.000000E+00  0.000000E+00  0.156017E-04
  0.169797E+05  0.176385E-04  0.120666E-07  0.000000E+00  0.000000E+00  0.000000E+00  0.146354E-04
  0.175553E+05  0.165461E-04  0.105692E-07  0.000000E+00  0.000000E+00  0.000000E+00  0.137289E-04
  0.181503E+05  0.155212E-04  0.929332E-08  0.000000E+00  0.000000E+00  0.000000E+00  0.128784E-04
  0.187655E+05  0.145597E-04  0.816280E-08  0.000000E+00  0.000000E+00  0.000000E+00  0.120806E-04
  0.194016E+05  0.136578E-04  0.714572E-08  0.000000E+00  0.000000E+00  0.000000E+00  0.113321E-04
  0.200592E+05  0.128116E-04  0.628065E-08  0.000000E+00  0.000000E+00  0.000000E+00  0.106299E-04
  0.207391E+05  0.120177E-04  0.551732E-08  0.000000E+00  0.000000E+00  0.000000E+00  0.997115E-05
  0.214421E+05  0.112729E-04  0.482932E-08  0.000000E+00  0.000000E+00  0.000000E+00  0.935318E-05
  0.221688E+05  0.105743E-04  0.424811E-08  0.000000E+00  0.000000E+00  0.000000E+00  0.877344E-05
  0.229203E+05  0.991879E-05  0.372551E-08  0.000000E+00  0.000000E+00  0.000000E+00  0.822956E-05
  0.236971E+05  0.930394E-05  0.326542E-08  0.000000E+00  0.000000E+00  0.000000E+00  0.771938E-05
  0.245004E+05  0.872712E-05  0.287275E-08  0.000000E+00  0.000000E+00  0.000000E+00  0.724077E-05
  0.253308E+05  0.818602E-05  0.251360E-08  0.000000E+00  0.000000E+00  0.000000E+00  0.679179E-05
  0.261894E+05  0.767838E-05  0.221175E-08  0.000000E+00  0.000000E+00  0.000000E+00  0.637058E-05
  0.270771E+05  0.720220E-05  0.193659E-08  0.000000E+00  0.000000E+00  0.000000E+00  0.597549E-05
  0.279949E+05  0.675551E-05  0.170231E-08  0.000000E+00  0.000000E+00  0.000000E+00  0.560486E-05
  0.289437E+05  0.633648E-05  0.149179E-08  0.000000E+00  0.000000E+00  0.000000E+00  0.525718E-05
  0.299248E+05  0.594337E-05  0.131069E-08  0.000000E+00  0.000000E+00  0.000000E+00  0.493102E-05
  0.309391E+05  0.557463E-05  0.114851E-08  0.000000E+00  0.000000E+00  0.000000E+00  0.462508E-05
