656
  0.101956E-04  0.117001E+06  0.117001E+06  0.156001E+06  0.156001E+06  0.000000E+00  0.117001E+06
  0.105412E-04  0.117001E+06  0.117001E+06  0.156001E+06  0.156001E+06  0.000000E+00  0.117001E+06
  0.108984E-04  0.117001E+06  0.117001E+06  0.156001E+06  0.156001E+06  0.000000E+00  0.117001E+06
  0.112678E-04  0.117001E+06  0.117001E+06  0.156001E+06  0.156001E+06  0.000000E+00  0.117001E+06
  0.116498E-04  0.117001E+06  0.117001E+06  0.156001E+06  0.156001E+06  0.000000E+00  0.117001E+06
  0.120446E-04  0.117001E+06  0.117001E+06  0.156001E+06  0.156001E+06  0.000000E+00  0.117001E+06
  0.124529E-04  0.117001E+06  0.117001E+06  0.156001E+06  0.156001E+06  0.000000E+00  0.117001E+06
  0.128750E-04  0.117001E+06  0.117001E+06  0.156001E+06  0.156001E+06  0.000000E+00  0.117001E+06
  0.133114E-04  0.117001E+06  0.117001E+06  0.156001E+06  0.156001E+06  0.000000E+00  0.117001E+06
  0.137626E-04  0.117001E+06  0.117001E+06  0.156001E+06  0.156001E+06  0.000000E+00  0.117001E+06
  0.142291E-04  0.117001E+06  0.117001E+06  0.156001E+06  0.156001E+06  0.000000E+00  0.117001E+06
  0.147114E-04  0.117001E+06  0.117001E+06  0.156001E+06  0.156001E+06  0.000000E+00  0.117001E+06
  0.152100E-04  0.117001E+06  0.117001E+06  0.156001E+06  0.156001E+06  0.000000E+00  0.117001E+06
  0.157255E-04  0.117001E+06  0.117001E+06  0.156001E+06  0.156001E+06  0.000000E+00  0.117001E+06
  0.162586E-04  0.117001E+06  0.117001E+06  0.156001E+06  0.156001E+06  0.000000E+00  0.117001E+06
  0.168097E-04  0.117001E+06  0.117001E+06  0.156001E+06  0.156001E+06  0.000000E+00  0.117001E+06
  0.173794E-04  0.117001E+06  0.117001E+06  0.156001E+06  0.156001E+06  0.000000E+00  0.117001E+06
  0.179685E-04  0.117001E+06  0.117001E+06  0.156001E+06  0.156000E+06  0.000000E+00  0.117001E+06
  0.185775E-04  0.117001E+06  0.117001E+06  0.156001E+06  0.156000E+06  0.000000E+00  0.117001E+06
  0.192072E-04  0.117001E+06  0.117001E+06  0.156001E+06  0.156000E+06  0.000000E+00  0.117001E+06
  0.198583E-04  0.117001E+06  0.117001E+06  0.156000E+06  0.156000E+06  0.000000E+00  0.117001E+06
  0.205314E-04  0.117001E+06  0.117001E+06  0.156000E+06  0.156000E+06  0.000000E+00  0.117001E+06
  0.212273E-04  0.117001E+06  0.117001E+06  0.156000E+06  0.156000E+06  0.000000E+00  0.117001E+06
  0.219468E-04  0.117001E+06  0.117001E+06  0.156000E+06  0.156000E+06  0.000000E+00  0.117001E+06
  0.226907E-04  0.117001E+06  0.117001E+06  0.156000E+06  0.156000E+06  0.000000E+00  0.117001E+06
  0.234598E-04  0.117001E+06  0.117001E+06  0.156000E+06  0.156000E+06  0.000000E+00  0.117001E+06
  0.242549E-04  0.117001E+06  0.117001E+06  0.156000E+06  0.156000E+06  0.000000E+00  0.117001E+06
  0.250771E-04  0.117001E+06  0.117001E+06  0.156000E+06  0.155999E+06  0.000000E+00  0.117001E+06
  0.259270E-04  0.117001E+06  0.117001E+06  0.156000E+06  0.155999E+06  0.000000E+00  0.117001E+06
  0.268058E-04  0.117001E+06  0.117001E+06  0.156000E+06  0.155999E+06  0.000000E+00  0.117001E+06
  0.277144E-04  0.117001E+06  0.117001E+06  0.155999E+06  0.155999E+06  0.000000E+00  0.117001E+06
  0.286538E-04  0.117001E+06  0.117001E+06  0.155999E+06  0.155999E+06  0.000000E+00  0.117001E+06
  0.296250E-04  0.117001E+06  0.117001E+06  0.155999E+06  0.155998E+06  0.000000E+00  0.117001E+06
  0.306292E-04  0.117001E+06  0.117001E+06  0.155999E+06  0.155998E+06  0.000000E+00  0.117001E+06
  0.316674E-04  0.117001E+06  0.117001E+06  0.155999E+06  0.155998E+06  0.000000E+00  0.117001E+06
  0.327407E-04  0.117001E+06  0.117001E+06  0.155999E+06  0.155998E+06  0.000000E+00  0.117001E+06
  0.338505E-04  0.117001E+06  0.117001E+06  0.155998E+06  0.155998E+06  0.000000E+00  0.117001E+06
  0.349979E-04  0.117001E+06  0.117001E+06  0.155998E+06  0.155997E+06  0.000000E+00  0.117001E+06
  0.361841E-04  0.117001E+06  0.117001E+06  0.155998E+06  0.155997E+06  0.000000E+00  0.117001E+06
  0.374106E-04  0.117001E+06  0.117001E+06  0.155998E+06  0.155997E+06  0.000000E+00  0.117001E+06
  0.386786E-04  0.117001E+06  0.117001E+06  0.155997E+06  0.155996E+06  0.000000E+00  0.117001E+06
  0.399896E-04  0.117001E+06  0.117001E+06  0.155997E+06  0.155996E+06  0.000000E+00  0.117001E+06
  0.413451E-04  0.117001E+06  0.117001E+06  0.155997E+06  0.155996E+06  0.000000E+00  0.117001E+06
  0.427465E-04  0.117001E+06  0.117001E+06  0.155996E+06  0.155995E+06  0.000000E+00  0.117001E+06
  0.441954E-04  0.117001E+06  0.117001E+06  0.155996E+06  0.155995E+06  0.000000E+00  0.117001E+06
  0.456934E-04  0.117001E+06  0.117001E+06  0.155996E+06  0.155994E+06  0.000000E+00  0.117001E+06
  0.472422E-04  0.117001E+06  0.117001E+06  0.155995E+06  0.155994E+06  0.000000E+00  0.117001E+06
  0.488434E-04  0.117001E+06  0.117001E+06  0.155995E+06  0.155993E+06  0.000000E+00  0.117001E+06
  0.504990E-04  0.117001E+06  0.117001E+06  0.155994E+06  0.155993E+06  0.000000E+00  0.117001E+06
  0.522107E-04  0.117001E+06  0.117000E+06  0.155994E+06  0.155992E+06  0.000000E+00  0.117001E+06
  0.539803E-04  0.117001E+06  0.117000E+06  0.155993E+06  0.155991E+06  0.000000E+00  0.117001E+06
  0.558100E-04  0.117001E+06  0.117000E+06  0.155993E+06  0.155991E+06  0.000000E+00  0.117001E+06
  0.577017E-04  0.117001E+06  0.117000E+06  0.155992E+06  0.155990E+06  0.000000E+00  0.117000E+06
  0.596575E-04  0.117000E+06  0.117000E+06  0.155991E+06  0.155989E+06  0.000000E+00  0.117000E+06
  0.616796E-04  0.117000E+06  0.117000E+06  0.155991E+06  0.155988E+06  0.000000E+00  0.117000E+06
  0.637702E-04  0.117000E+06  0.117000E+06  0.155990E+06  0.155987E+06  0.000000E+00  0.117000E+06
  0.659317E-04  0.117000E+06  0.117000E+06  0.155989E+06  0.155986E+06  0.000000E+00  0.117000E+06
  0.681665E-04  0.117000E+06  0.117000E+06  0.155988E+06  0.155985E+06  0.000000E+00  0.117000E+06
  0.704770E-04  0.117000E+06  0.117000E+06  0.155987E+06  0.155984E+06  0.000000E+00  0.117000E+06
  0.728658E-04  0.117000E+06  0.117000E+06  0.155986E+06  0.155983E+06  0.000000E+00  0.117000E+06
  0.753356E-04  0.117000E+06  0.117000E+06  0.155985E+06  0.155982E+06  0.000000E+00  0.117000E+06
  0.778891E-04  0.117000E+06  0.117000E+06  0.155984E+06  0.155980E+06  0.000000E+00  0.117000E+06
  0.805292E-04  0.117000E+06  0.116999E+06  0.155983E+06  0.155979E+06  0.000000E+00  0.117000E+06
  0.832588E-04  0.117000E+06  0.116999E+06  0.155982E+06  0.155977E+06  0.000000E+00  0.117000E+06
  0.860808E-04  0.117000E+06  0.116999E+06  0.155980E+06  0.155976E+06  0.000000E+00  0.117000E+06
  0.889986E-04  0.117000E+06  0.116999E+06  0.155979E+06  0.155974E+06  0.000000E+00  0.117000E+06
  0.920152E-04  0.117000E+06  0.116999E+06  0.155977E+06  0.155972E+06  0.000000E+00  0.116999E+06
  0.951340E-04  0.116999E+06  0.116999E+06  0.155976E+06  0.155970E+06  0.000000E+00  0.116999E+06
  0.983586E-04  0.116999E+06  0.116999E+06  0.155974E+06  0.155968E+06  0.000000E+00  0.116999E+06
  0.101692E-03  0.116999E+06  0.116998E+06  0.155972E+06  0.155965E+06  0.000000E+00  0.116999E+06
  0.105139E-03  0.116999E+06  0.116998E+06  0.155970E+06  0.155963E+06  0.000000E+00  0.116999E+06
  0.108703E-03  0.116999E+06  0.116998E+06  0.155968E+06  0.155960E+06  0.000000E+00  0.116999E+06
  0.112388E-03  0.116999E+06  0.116998E+06  0.155966E+06  0.155957E+06  0.000000E+00  0.116999E+06
  0.116197E-03  0.116999E+06  0.116998E+06  0.155963E+06  0.155954E+06  0.000000E+00  0.116998E+06
  0.120135E-03  0.116998E+06  0.116997E+06  0.155960E+06  0.155951E+06  0.000000E+00  0.116998E+06
  0.124207E-03  0.116998E+06  0.116997E+06  0.155958E+06  0.155948E+06  0.000000E+00  0.116998E+06
  0.128417E-03  0.116998E+06  0.116997E+06  0.155955E+06  0.155944E+06  0.000000E+00  0.116998E+06
  0.132770E-03  0.116998E+06  0.116997E+06  0.155951E+06  0.155940E+06  0.000000E+00  0.116998E+06
  0.137271E-03  0.116998E+06  0.116996E+06  0.155948E+06  0.155936E+06  0.000000E+00  0.116997E+06
  0.141923E-03  0.116997E+06  0.116996E+06  0.155944E+06  0.155931E+06  0.000000E+00  0.116997E+06
  0.146734E-03  0.116997E+06  0.116996E+06  0.155940E+06  0.155926E+06  0.000000E+00  0.116997E+06
  0.151707E-03  0.116997E+06  0.116995E+06  0.155936E+06  0.155921E+06  0.000000E+00  0.116996E+06
  0.156849E-03  0.116996E+06  0.116995E+06  0.155931E+06  0.155915E+06  0.000000E+00  0.116996E+06
  0.162166E-03  0.116996E+06  0.116994E+06  0.155927E+06  0.155909E+06  0.000000E+00  0.116996E+06
  0.167663E-03  0.116996E+06  0.116994E+06  0.155921E+06  0.155903E+06  0.000000E+00  0.116995E+06
  0.173345E-03  0.116995E+06  0.116993E+06  0.155916E+06  0.155896E+06  0.000000E+00  0.116995E+06
  0.179221E-03  0.116995E+06  0.116993E+06  0.155910E+06  0.155889E+06  0.000000E+00  0.116995E+06
  0.185296E-03  0.116995E+06  0.116992E+06  0.155904E+06  0.155881E+06  0.000000E+00  0.116994E+06
  0.191576E-03  0.116994E+06  0.116992E+06  0.155897E+06  0.155873E+06  0.000000E+00  0.116994E+06
  0.198070E-03  0.116994E+06  0.116991E+06  0.155890E+06  0.155864E+06  0.000000E+00  0.116993E+06
  0.204784E-03  0.116993E+06  0.116990E+06  0.155882E+06  0.155855E+06  0.000000E+00  0.116993E+06
  0.211725E-03  0.116993E+06  0.116989E+06  0.155874E+06  0.155845E+06  0.000000E+00  0.116992E+06
  0.218901E-03  0.116992E+06  0.116989E+06  0.155865E+06  0.155834E+06  0.000000E+00  0.116991E+06
  0.226321E-03  0.116991E+06  0.116988E+06  0.155856E+06  0.155822E+06  0.000000E+00  0.116991E+06
  0.233992E-03  0.116991E+06  0.116987E+06  0.155846E+06  0.155810E+06  0.000000E+00  0.116990E+06
  0.241923E-03  0.116990E+06  0.116986E+06  0.155835E+06  0.155797E+06  0.000000E+00  0.116989E+06
  0.250123E-03  0.116989E+06  0.116985E+06  0.155823E+06  0.155783E+06  0.000000E+00  0.116988E+06
  0.258601E-03  0.116988E+06  0.116984E+06  0.155811E+06  0.155768E+06  0.000000E+00  0.116988E+06
  0.267366E-03  0.116987E+06  0.116982E+06  0.155798E+06  0.155751E+06  0.000000E+00  0.116987E+06
  0.276429E-03  0.116987E+06  0.116981E+06  0.155784E+06  0.155734E+06  0.000000E+00  0.116986E+06
  0.285798E-03  0.116986E+06  0.116980E+06  0.155769E+06  0.155716E+06  0.000000E+00  0.116985E+06
  0.295486E-03  0.116984E+06  0.116978E+06  0.155753E+06  0.155696E+06  0.000000E+00  0.116983E+06
  0.305501E-03  0.116983E+06  0.116977E+06  0.155736E+06  0.155675E+06  0.000000E+00  0.116982E+06
  0.315856E-03  0.116982E+06  0.116975E+06  0.155718E+06  0.155652E+06  0.000000E+00  0.116981E+06
  0.326562E-03  0.116981E+06  0.116973E+06  0.155698E+06  0.155628E+06  0.000000E+00  0.116979E+06
  0.337631E-03  0.116979E+06  0.116971E+06  0.155677E+06  0.155603E+06  0.000000E+00  0.116978E+06
  0.349075E-03  0.116978E+06  0.116969E+06  0.155655E+06  0.155575E+06  0.000000E+00  0.116976E+06
  0.360907E-03  0.116976E+06  0.116967E+06  0.155631E+06  0.155546E+06  0.000000E+00  0.116975E+06
  0.373140E-03  0.116974E+06  0.116965E+06  0.155605E+06  0.155515E+06  0.000000E+00  0.116973E+06
  0.385788E-03  0.116973E+06  0.116962E+06  0.155578E+06  0.155481E+06  0.000000E+00  0.116971E+06
  0.398864E-03  0.116971E+06  0.116959E+06  0.155549E+06  0.155445E+06  0.000000E+00  0.116969E+06
  0.412383E-03  0.116969E+06  0.116956E+06  0.155518E+06  0.155407E+06  0.000000E+00  0.116967E+06
  0.426361E-03  0.116966E+06  0.116953E+06  0.155484E+06  0.155366E+06  0.000000E+00  0.116964E+06
  0.440813E-03  0.116964E+06  0.116950E+06  0.155449E+06  0.155322E+06  0.000000E+00  0.116962E+06
  0.455754E-03  0.116961E+06  0.116947E+06  0.155411E+06  0.155276E+06  0.000000E+00  0.116959E+06
  0.471202E-03  0.116959E+06  0.116943E+06  0.155370E+06  0.155226E+06  0.000000E+00  0.116956E+06
  0.487173E-03  0.116956E+06  0.116939E+06  0.155326E+06  0.155172E+06  0.000000E+00  0.116953E+06
  0.503686E-03  0.116953E+06  0.116934E+06  0.155280E+06  0.155115E+06  0.000000E+00  0.116949E+06
  0.520759E-03  0.116949E+06  0.116930E+06  0.155230E+06  0.155054E+06  0.000000E+00  0.116946E+06
  0.538410E-03  0.116946E+06  0.116925E+06  0.155177E+06  0.154989E+06  0.000000E+00  0.116942E+06
  0.556659E-03  0.116942E+06  0.116920E+06  0.155121E+06  0.154920E+06  0.000000E+00  0.116938E+06
  0.575527E-03  0.116938E+06  0.116914E+06  0.155060E+06  0.154845E+06  0.000000E+00  0.116934E+06
  0.595035E-03  0.116933E+06  0.116908E+06  0.154995E+06  0.154766E+06  0.000000E+00  0.116929E+06
  0.615204E-03  0.116929E+06  0.116902E+06  0.154926E+06  0.154681E+06  0.000000E+00  0.116924E+06
  0.636056E-03  0.116924E+06  0.116895E+06  0.154852E+06  0.154590E+06  0.000000E+00  0.116919E+06
  0.657615E-03  0.116918E+06  0.116887E+06  0.154773E+06  0.154493E+06  0.000000E+00  0.116913E+06
  0.679905E-03  0.116913E+06  0.116880E+06  0.154689E+06  0.154390E+06  0.000000E+00  0.116907E+06
  0.702951E-03  0.116907E+06  0.116871E+06  0.154599E+06  0.154279E+06  0.000000E+00  0.116901E+06
  0.726777E-03  0.116900E+06  0.116862E+06  0.154503E+06  0.154161E+06  0.000000E+00  0.116894E+06
  0.751412E-03  0.116893E+06  0.116853E+06  0.154400E+06  0.154035E+06  0.000000E+00  0.116886E+06
  0.776881E-03  0.116886E+06  0.116843E+06  0.154290E+06  0.153900E+06  0.000000E+00  0.116878E+06
  0.803213E-03  0.116878E+06  0.116832E+06  0.154172E+06  0.153757E+06  0.000000E+00  0.116870E+06
  0.830438E-03  0.116869E+06  0.116820E+06  0.154047E+06  0.153603E+06  0.000000E+00  0.116861E+06
  0.858586E-03  0.116860E+06  0.116808E+06  0.153913E+06  0.153439E+06  0.000000E+00  0.116851E+06
  0.887688E-03  0.116850E+06  0.116794E+06  0.153770E+06  0.153263E+06  0.000000E+00  0.116841E+06
  0.917776E-03  0.116840E+06  0.116780E+06  0.153617E+06  0.153076E+06  0.000000E+00  0.116830E+06
  0.948884E-03  0.116829E+06  0.116765E+06  0.153454E+06  0.152876E+06  0.000000E+00  0.116818E+06
  0.981047E-03  0.116817E+06  0.116748E+06  0.153279E+06  0.152663E+06  0.000000E+00  0.116805E+06
  0.101430E-02  0.116804E+06  0.116731E+06  0.153093E+06  0.152435E+06  0.000000E+00  0.116792E+06
  0.104868E-02  0.116791E+06  0.116712E+06  0.152894E+06  0.152192E+06  0.000000E+00  0.116778E+06
  0.108422E-02  0.116776E+06  0.116693E+06  0.152682E+06  0.151932E+06  0.000000E+00  0.116762E+06
  0.112097E-02  0.116761E+06  0.116671E+06  0.152455E+06  0.151655E+06  0.000000E+00  0.116746E+06
  0.115897E-02  0.116745E+06  0.116649E+06  0.152213E+06  0.151360E+06  0.000000E+00  0.116728E+06
  0.119825E-02  0.116727E+06  0.116625E+06  0.151955E+06  0.151044E+06  0.000000E+00  0.116709E+06
  0.123887E-02  0.116708E+06  0.116599E+06  0.151680E+06  0.150708E+06  0.000000E+00  0.116689E+06
  0.128086E-02  0.116688E+06  0.116571E+06  0.151385E+06  0.150349E+06  0.000000E+00  0.116668E+06
  0.132427E-02  0.116666E+06  0.116541E+06  0.151071E+06  0.149966E+06  0.000000E+00  0.116645E+06
  0.136916E-02  0.116643E+06  0.116510E+06  0.150736E+06  0.149558E+06  0.000000E+00  0.116621E+06
  0.141557E-02  0.116619E+06  0.116476E+06  0.150379E+06  0.149122E+06  0.000000E+00  0.116595E+06
  0.146355E-02  0.116593E+06  0.116440E+06  0.149998E+06  0.148658E+06  0.000000E+00  0.116567E+06
  0.151316E-02  0.116565E+06  0.116402E+06  0.149591E+06  0.148164E+06  0.000000E+00  0.116537E+06
  0.156445E-02  0.116535E+06  0.116361E+06  0.149158E+06  0.147636E+06  0.000000E+00  0.116505E+06
  0.161747E-02  0.116503E+06  0.116317E+06  0.148695E+06  0.147075E+06  0.000000E+00  0.116471E+06
  0.167230E-02  0.116469E+06  0.116270E+06  0.148202E+06  0.146477E+06  0.000000E+00  0.116435E+06
  0.172898E-02  0.116432E+06  0.116220E+06  0.147677E+06  0.145839E+06  0.000000E+00  0.116396E+06
  0.178758E-02  0.116393E+06  0.116166E+06  0.147117E+06  0.145161E+06  0.000000E+00  0.116355E+06
  0.184817E-02  0.116352E+06  0.116109E+06  0.146521E+06  0.144439E+06  0.000000E+00  0.116311E+06
  0.191082E-02  0.116308E+06  0.116048E+06  0.145886E+06  0.143671E+06  0.000000E+00  0.116263E+06
  0.197559E-02  0.116260E+06  0.115983E+06  0.145209E+06  0.142854E+06  0.000000E+00  0.116213E+06
  0.204255E-02  0.116210E+06  0.115913E+06  0.144489E+06  0.141985E+06  0.000000E+00  0.116159E+06
  0.211178E-02  0.116156E+06  0.115839E+06  0.143722E+06  0.141061E+06  0.000000E+00  0.116102E+06
  0.218336E-02  0.116098E+06  0.115760E+06  0.142907E+06  0.140080E+06  0.000000E+00  0.116041E+06
  0.225737E-02  0.116037E+06  0.115675E+06  0.142039E+06  0.139038E+06  0.000000E+00  0.115975E+06
  0.233388E-02  0.115971E+06  0.115584E+06  0.141117E+06  0.137931E+06  0.000000E+00  0.115905E+06
  0.241299E-02  0.115901E+06  0.115488E+06  0.140136E+06  0.136757E+06  0.000000E+00  0.115831E+06
  0.249477E-02  0.115827E+06  0.115385E+06  0.139095E+06  0.135512E+06  0.000000E+00  0.115751E+06
  0.257933E-02  0.115747E+06  0.115275E+06  0.137988E+06  0.134193E+06  0.000000E+00  0.115667E+06
  0.266676E-02  0.115662E+06  0.115158E+06  0.136814E+06  0.132794E+06  0.000000E+00  0.115576E+06
  0.275715E-02  0.115572E+06  0.115033E+06  0.135568E+06  0.131314E+06  0.000000E+00  0.115480E+06
  0.285060E-02  0.115475E+06  0.114900E+06  0.134247E+06  0.129749E+06  0.000000E+00  0.115377E+06
  0.294723E-02  0.115372E+06  0.114757E+06  0.132846E+06  0.128094E+06  0.000000E+00  0.115267E+06
  0.304712E-02  0.115262E+06  0.114606E+06  0.131363E+06  0.126345E+06  0.000000E+00  0.115151E+06
  0.315041E-02  0.115146E+06  0.114444E+06  0.129793E+06  0.124500E+06  0.000000E+00  0.115026E+06
  0.325719E-02  0.115021E+06  0.114272E+06  0.128132E+06  0.122554E+06  0.000000E+00  0.114893E+06
  0.336759E-02  0.114888E+06  0.114088E+06  0.126376E+06  0.120504E+06  0.000000E+00  0.114752E+06
  0.348174E-02  0.114747E+06  0.113892E+06  0.124522E+06  0.118346E+06  0.000000E+00  0.114601E+06
  0.359975E-02  0.114597E+06  0.113683E+06  0.122565E+06  0.116078E+06  0.000000E+00  0.114441E+06
  0.372177E-02  0.114437E+06  0.113461E+06  0.120502E+06  0.113697E+06  0.000000E+00  0.114270E+06
  0.384792E-02  0.114266E+06  0.113225E+06  0.118329E+06  0.111200E+06  0.000000E+00  0.114089E+06
  0.397834E-02  0.114085E+06  0.112973E+06  0.116043E+06  0.108585E+06  0.000000E+00  0.113896E+06
  0.411319E-02  0.113893E+06  0.112705E+06  0.113640E+06  0.105851E+06  0.000000E+00  0.113690E+06
  0.425260E-02  0.113688E+06  0.112419E+06  0.111118E+06  0.102997E+06  0.000000E+00  0.113472E+06
  0.439675E-02  0.113470E+06  0.112116E+06  0.108473E+06  0.100022E+06  0.000000E+00  0.113239E+06
  0.454577E-02  0.113239E+06  0.111793E+06  0.105705E+06  0.969281E+05  0.000000E+00  0.112993E+06
  0.469985E-02  0.112994E+06  0.111451E+06  0.102812E+06  0.937158E+05  0.000000E+00  0.112731E+06
  0.485916E-02  0.112733E+06  0.111086E+06  0.997932E+05  0.903880E+05  0.000000E+00  0.112453E+06
  0.502386E-02  0.112457E+06  0.110699E+06  0.966483E+05  0.869487E+05  0.000000E+00  0.112157E+06
  0.519414E-02  0.112164E+06  0.110288E+06  0.933786E+05  0.834028E+05  0.000000E+00  0.111844E+06
  0.537020E-02  0.111853E+06  0.109852E+06  0.899861E+05  0.797571E+05  0.000000E+00  0.111512E+06
  0.555222E-02  0.111525E+06  0.109389E+06  0.864742E+05  0.760196E+05  0.000000E+00  0.111161E+06
  0.574042E-02  0.111177E+06  0.108899E+06  0.828473E+05  0.722000E+05  0.000000E+00  0.110789E+06
  0.593499E-02  0.110808E+06  0.108379E+06  0.791113E+05  0.683099E+05  0.000000E+00  0.110395E+06
  0.613615E-02  0.110419E+06  0.107828E+06  0.752741E+05  0.643627E+05  0.000000E+00  0.109978E+06
  0.634414E-02  0.110008E+06  0.107245E+06  0.713447E+05  0.603737E+05  0.000000E+00  0.109537E+06
  0.655917E-02  0.109574E+06  0.106629E+06  0.673345E+05  0.563601E+05  0.000000E+00  0.109072E+06
  0.678150E-02  0.109116E+06  0.105977E+06  0.632567E+05  0.523409E+05  0.000000E+00  0.108581E+06
  0.701136E-02  0.108633E+06  0.105288E+06  0.591265E+05  0.483370E+05  0.000000E+00  0.108063E+06
  0.724901E-02  0.108125E+06  0.104561E+06  0.549613E+05  0.443711E+05  0.000000E+00  0.107518E+06
  0.749471E-02  0.107590E+06  0.103793E+06  0.507807E+05  0.404672E+05  0.000000E+00  0.106943E+06
  0.774875E-02  0.107028E+06  0.102985E+06  0.466065E+05  0.366505E+05  0.000000E+00  0.106339E+06
  0.801139E-02  0.106438E+06  0.102132E+06  0.424625E+05  0.329470E+05  0.000000E+00  0.105704E+06
  0.828294E-02  0.105818E+06  0.101236E+06  0.383744E+05  0.293833E+05  0.000000E+00  0.105038E+06
  0.856369E-02  0.105169E+06  0.100292E+06  0.343698E+05  0.259853E+05  0.000000E+00  0.104338E+06
  0.885396E-02  0.104490E+06  0.993015E+05  0.304776E+05  0.227784E+05  0.000000E+00  0.103606E+06
  0.915407E-02  0.103779E+06  0.982614E+05  0.267277E+05  0.197862E+05  0.000000E+00  0.102839E+06
  0.946434E-02  0.103037E+06  0.971709E+05  0.231505E+05  0.170297E+05  0.000000E+00  0.102037E+06
  0.978514E-02  0.102262E+06  0.960285E+05  0.197762E+05  0.145266E+05  0.000000E+00  0.101200E+06
  0.101168E-01  0.101456E+06  0.948330E+05  0.166339E+05  0.122903E+05  0.000000E+00  0.100327E+06
  0.104597E-01  0.100616E+06  0.935834E+05  0.137512E+05  0.103291E+05  0.000000E+00  0.994179E+05
  0.108143E-01  0.997435E+05  0.922787E+05  0.111524E+05  0.864516E+04  0.000000E+00  0.984717E+05
  0.111808E-01  0.988378E+05  0.909180E+05  0.885842E+04  0.723425E+04  0.000000E+00  0.974885E+05
  0.115598E-01  0.978990E+05  0.895006E+05  0.688481E+04  0.608489E+04  0.000000E+00  0.964682E+05
  0.119516E-01  0.969272E+05  0.880258E+05  0.524120E+04  0.517848E+04  0.000000E+00  0.954107E+05
  0.123567E-01  0.959225E+05  0.864932E+05  0.392996E+04  0.448950E+04  0.000000E+00  0.943160E+05
  0.127755E-01  0.948851E+05  0.849026E+05  0.294543E+04  0.398619E+04  0.000000E+00  0.931844E+05
  0.132086E-01  0.938154E+05  0.832539E+05  0.227311E+04  0.363179E+04  0.000000E+00  0.920160E+05
  0.136563E-01  0.927137E+05  0.815472E+05  0.188937E+04  0.338624E+04  0.000000E+00  0.908113E+05
  0.141191E-01  0.915805E+05  0.797826E+05  0.176144E+04  0.320847E+04  0.000000E+00  0.895705E+05
  0.145977E-01  0.904163E+05  0.779608E+05  0.184800E+04  0.305897E+04  0.000000E+00  0.882943E+05
  0.150925E-01  0.892217E+05  0.760824E+05  0.210030E+04  0.290272E+04  0.000000E+00  0.869831E+05
  0.156041E-01  0.879970E+05  0.741484E+05  0.246406E+04  0.271206E+04  0.000000E+00  0.856376E+05
  0.161330E-01  0.867430E+05  0.721600E+05  0.288189E+04  0.246931E+04  0.000000E+00  0.842585E+05
  0.166798E-01  0.854602E+05  0.701189E+05  0.329644E+04  0.216872E+04  0.000000E+00  0.828465E+05
  0.172452E-01  0.841491E+05  0.680267E+05  0.365400E+04  0.181737E+04  0.000000E+00  0.814023E+05
  0.178297E-01  0.828104E+05  0.658859E+05  0.390834E+04  0.143470E+04  0.000000E+00  0.799270E+05
  0.184340E-01  0.814447E+05  0.636990E+05  0.402450E+04  0.105041E+04  0.000000E+00  0.784213E+05
  0.190588E-01  0.800526E+05  0.614693E+05  0.398211E+04  0.700666E+03  0.000000E+00  0.768866E+05
  0.197048E-01  0.786349E+05  0.592006E+05  0.377781E+04  0.422854E+03  0.000000E+00  0.753239E+05
  0.203727E-01  0.771924E+05  0.568970E+05  0.342618E+04  0.249351E+03  0.000000E+00  0.737347E+05
  0.210633E-01  0.757260E+05  0.545637E+05  0.295888E+04  0.201236E+03  0.000000E+00  0.721205E+05
  0.217772E-01  0.742366E+05  0.522065E+05  0.242163E+04  0.283031E+03  0.000000E+00  0.704834E+05
  0.225154E-01  0.727256E+05  0.498320E+05  0.186904E+04  0.479742E+03  0.000000E+00  0.688252E+05
  0.232785E-01  0.711942E+05  0.474476E+05  0.135765E+04  0.757285E+03  0.000000E+00  0.671485E+05
  0.240676E-01  0.696433E+05  0.450610E+05  0.000000E+00  0.000000E+00  0.000000E+00  0.654552E+05
  0.248833E-01  0.680754E+05  0.426823E+05  0.000000E+00  0.000000E+00  0.000000E+00  0.637491E+05
  0.257268E-01  0.664935E+05  0.403228E+05  0.000000E+00  0.000000E+00  0.000000E+00  0.620348E+05
  0.265988E-01  0.648999E+05  0.379936E+05  0.000000E+00  0.000000E+00  0.000000E+00  0.603159E+05
  0.275003E-01  0.632970E+05  0.357068E+05  0.000000E+00  0.000000E+00  0.000000E+00  0.585964E+05
  0.284325E-01  0.616874E+05  0.334753E+05  0.000000E+00  0.000000E+00  0.000000E+00  0.568809E+05
  0.293962E-01  0.600740E+05  0.313127E+05  0.000000E+00  0.000000E+00  0.000000E+00  0.551739E+05
  0.303926E-01  0.584600E+05  0.292332E+05  0.000000E+00  0.000000E+00  0.000000E+00  0.534806E+05
  0.314227E-01  0.568488E+05  0.272514E+05  0.000000E+00  0.000000E+00  0.000000E+00  0.518063E+05
  0.324878E-01  0.552400E+05  0.253778E+05  0.000000E+00  0.000000E+00  0.000000E+00  0.501523E+05
  0.335890E-01  0.539085E+05  0.238898E+05  0.000000E+00  0.000000E+00  0.000000E+00  0.487942E+05
  0.347275E-01  0.523216E+05  0.222805E+05  0.000000E+00  0.000000E+00  0.000000E+00  0.472035E+05
  0.359046E-01  0.507519E+05  0.208248E+05  0.000000E+00  0.000000E+00  0.000000E+00  0.456532E+05
  0.371216E-01  0.492039E+05  0.195348E+05  0.000000E+00  0.000000E+00  0.000000E+00  0.441492E+05
  0.383798E-01  0.476820E+05  0.184210E+05  0.000000E+00  0.000000E+00  0.000000E+00  0.426968E+05
  0.396807E-01  0.461901E+05  0.174911E+05  0.000000E+00  0.000000E+00  0.000000E+00  0.413006E+05
  0.410257E-01  0.447318E+05  0.167496E+05  0.000000E+00  0.000000E+00  0.000000E+00  0.399644E+05
  0.424162E-01  0.431542E+05  0.160452E+05  0.000000E+00  0.000000E+00  0.000000E+00  0.385356E+05
  0.438539E-01  0.417672E+05  0.156742E+05  0.000000E+00  0.000000E+00  0.000000E+00  0.373218E+05
  0.453404E-01  0.404201E+05  0.154785E+05  0.000000E+00  0.000000E+00  0.000000E+00  0.361708E+05
  0.468772E-01  0.391139E+05  0.154444E+05  0.000000E+00  0.000000E+00  0.000000E+00  0.350813E+05
  0.484661E-01  0.378493E+05  0.155527E+05  0.000000E+00  0.000000E+00  0.000000E+00  0.340506E+05
  0.501089E-01  0.366279E+05  0.157804E+05  0.000000E+00  0.000000E+00  0.000000E+00  0.330761E+05
  0.518073E-01  0.355350E+05  0.161810E+05  0.000000E+00  0.000000E+00  0.000000E+00  0.322377E+05
  0.535634E-01  0.344006E+05  0.165558E+05  0.000000E+00  0.000000E+00  0.000000E+00  0.313604E+05
  0.553789E-01  0.333080E+05  0.169497E+05  0.000000E+00  0.000000E+00  0.000000E+00  0.305210E+05
  0.572560E-01  0.322538E+05  0.173212E+05  0.000000E+00  0.000000E+00  0.000000E+00  0.297097E+05
  0.591966E-01  0.312332E+05  0.176262E+05  0.000000E+00  0.000000E+00  0.000000E+00  0.289150E+05
  0.612031E-01  0.301794E+05  0.177623E+05  0.000000E+00  0.000000E+00  0.000000E+00  0.280639E+05
  0.632776E-01  0.292045E+05  0.178050E+05  0.000000E+00  0.000000E+00  0.000000E+00  0.272623E+05
  0.654224E-01  0.282452E+05  0.176651E+05  0.000000E+00  0.000000E+00  0.000000E+00  0.264427E+05
  0.676399E-01  0.272980E+05  0.173201E+05  0.000000E+00  0.000000E+00  0.000000E+00  0.255981E+05
  0.699326E-01  0.263602E+05  0.167600E+05  0.000000E+00  0.000000E+00  0.000000E+00  0.247246E+05
  0.723029E-01  0.254578E+05  0.160151E+05  0.000000E+00  0.000000E+00  0.000000E+00  0.238490E+05
  0.747537E-01  0.245370E+05  0.150542E+05  0.000000E+00  0.000000E+00  0.000000E+00  0.229214E+05
  0.772874E-01  0.236178E+05  0.139310E+05  0.000000E+00  0.000000E+00  0.000000E+00  0.219674E+05
  0.799071E-01  0.226999E+05  0.126941E+05  0.000000E+00  0.000000E+00  0.000000E+00  0.209952E+05
  0.826156E-01  0.217877E+05  0.114081E+05  0.000000E+00  0.000000E+00  0.000000E+00  0.200193E+05
  0.854158E-01  0.208890E+05  0.101486E+05  0.000000E+00  0.000000E+00  0.000000E+00  0.190592E+05
  0.883110E-01  0.200136E+05  0.899452E+04  0.000000E+00  0.000000E+00  0.000000E+00  0.181362E+05
  0.913043E-01  0.191699E+05  0.801815E+04  0.000000E+00  0.000000E+00  0.000000E+00  0.172700E+05
  0.943991E-01  0.183644E+05  0.727654E+04  0.000000E+00  0.000000E+00  0.000000E+00  0.164754E+05
  0.975987E-01  0.176010E+05  0.680366E+04  0.000000E+00  0.000000E+00  0.000000E+00  0.157614E+05
  0.100907E+00  0.168816E+05  0.660502E+04  0.000000E+00  0.000000E+00  0.000000E+00  0.151308E+05
  0.104327E+00  0.162072E+05  0.665501E+04  0.000000E+00  0.000000E+00  0.000000E+00  0.145798E+05
  0.107863E+00  0.155773E+05  0.689734E+04  0.000000E+00  0.000000E+00  0.000000E+00  0.140985E+05
  0.111519E+00  0.149880E+05  0.724790E+04  0.000000E+00  0.000000E+00  0.000000E+00  0.136693E+05
  0.115299E+00  0.144301E+05  0.760280E+04  0.000000E+00  0.000000E+00  0.000000E+00  0.132669E+05
  0.119207E+00  0.138910E+05  0.785464E+04  0.000000E+00  0.000000E+00  0.000000E+00  0.128626E+05
  0.123248E+00  0.133599E+05  0.791431E+04  0.000000E+00  0.000000E+00  0.000000E+00  0.124322E+05
  0.127425E+00  0.128303E+05  0.772917E+04  0.000000E+00  0.000000E+00  0.000000E+00  0.119612E+05
  0.131745E+00  0.122980E+05  0.729329E+04  0.000000E+00  0.000000E+00  0.000000E+00  0.114454E+05
  0.136210E+00  0.117622E+05  0.665172E+04  0.000000E+00  0.000000E+00  0.000000E+00  0.108915E+05
  0.140827E+00  0.112267E+05  0.589601E+04  0.000000E+00  0.000000E+00  0.000000E+00  0.103185E+05
  0.145600E+00  0.107002E+05  0.514653E+04  0.000000E+00  0.000000E+00  0.000000E+00  0.975401E+04
  0.150535E+00  0.101950E+05  0.452575E+04  0.000000E+00  0.000000E+00  0.000000E+00  0.922917E+04
  0.155638E+00  0.972299E+04  0.412523E+04  0.000000E+00  0.000000E+00  0.000000E+00  0.876929E+04
  0.160913E+00  0.928994E+04  0.397688E+04  0.000000E+00  0.000000E+00  0.000000E+00  0.838475E+04
  0.166367E+00  0.889491E+04  0.404184E+04  0.000000E+00  0.000000E+00  0.000000E+00  0.806809E+04
  0.172006E+00  0.853003E+04  0.421966E+04  0.000000E+00  0.000000E+00  0.000000E+00  0.779567E+04
  0.177837E+00  0.818350E+04  0.437970E+04  0.000000E+00  0.000000E+00  0.000000E+00  0.753545E+04
  0.183864E+00  0.784391E+04  0.440571E+04  0.000000E+00  0.000000E+00  0.000000E+00  0.725814E+04
  0.190096E+00  0.750151E+04  0.423587E+04  0.000000E+00  0.000000E+00  0.000000E+00  0.694514E+04
  0.196540E+00  0.715391E+04  0.388922E+04  0.000000E+00  0.000000E+00  0.000000E+00  0.659770E+04
  0.203202E+00  0.680768E+04  0.345920E+04  0.000000E+00  0.000000E+00  0.000000E+00  0.623720E+04
  0.210089E+00  0.647328E+04  0.307080E+04  0.000000E+00  0.000000E+00  0.000000E+00  0.589360E+04
  0.217210E+00  0.616083E+04  0.282389E+04  0.000000E+00  0.000000E+00  0.000000E+00  0.559232E+04
  0.224572E+00  0.587735E+04  0.274763E+04  0.000000E+00  0.000000E+00  0.000000E+00  0.534414E+04
  0.232184E+00  0.561829E+04  0.278262E+04  0.000000E+00  0.000000E+00  0.000000E+00  0.513518E+04
  0.240054E+00  0.537331E+04  0.281930E+04  0.000000E+00  0.000000E+00  0.000000E+00  0.493819E+04
  0.248191E+00  0.513232E+04  0.276275E+04  0.000000E+00  0.000000E+00  0.000000E+00  0.472862E+04
  0.256603E+00  0.488993E+04  0.258762E+04  0.000000E+00  0.000000E+00  0.000000E+00  0.449768E+04
  0.265301E+00  0.464912E+04  0.235036E+04  0.000000E+00  0.000000E+00  0.000000E+00  0.425748E+04
  0.274293E+00  0.441828E+04  0.214485E+04  0.000000E+00  0.000000E+00  0.000000E+00  0.403096E+04
  0.283590E+00  0.420460E+04  0.203252E+04  0.000000E+00  0.000000E+00  0.000000E+00  0.383454E+04
  0.293203E+00  0.400877E+04  0.199962E+04  0.000000E+00  0.000000E+00  0.000000E+00  0.366647E+04
  0.303141E+00  0.382386E+04  0.197512E+04  0.000000E+00  0.000000E+00  0.000000E+00  0.350889E+04
  0.313416E+00  0.364284E+04  0.189765E+04  0.000000E+00  0.000000E+00  0.000000E+00  0.334551E+04
  0.324039E+00  0.346384E+04  0.176725E+04  0.000000E+00  0.000000E+00  0.000000E+00  0.317479E+04
  0.335023E+00  0.329085E+04  0.163633E+04  0.000000E+00  0.000000E+00  0.000000E+00  0.300897E+04
  0.346378E+00  0.312885E+04  0.155067E+04  0.000000E+00  0.000000E+00  0.000000E+00  0.285998E+04
  0.358119E+00  0.297827E+04  0.150372E+04  0.000000E+00  0.000000E+00  0.000000E+00  0.272705E+04
  0.370257E+00  0.283474E+04  0.145274E+04  0.000000E+00  0.000000E+00  0.000000E+00  0.259929E+04
  0.382807E+00  0.269498E+04  0.137419E+04  0.000000E+00  0.000000E+00  0.000000E+00  0.246996E+04
  0.395783E+00  0.255982E+04  0.128696E+04  0.000000E+00  0.000000E+00  0.000000E+00  0.234296E+04
  0.409198E+00  0.243206E+04  0.121944E+04  0.000000E+00  0.000000E+00  0.000000E+00  0.222546E+04
  0.423068E+00  0.231203E+04  0.117036E+04  0.000000E+00  0.000000E+00  0.000000E+00  0.211752E+04
  0.437407E+00  0.219738E+04  0.111787E+04  0.000000E+00  0.000000E+00  0.000000E+00  0.201347E+04
  0.452233E+00  0.208690E+04  0.105593E+04  0.000000E+00  0.000000E+00  0.000000E+00  0.191125E+04
  0.467562E+00  0.198146E+04  0.998314E+03  0.000000E+00  0.000000E+00  0.000000E+00  0.181396E+04
  0.483410E+00  0.188183E+04  0.951368E+03  0.000000E+00  0.000000E+00  0.000000E+00  0.172331E+04
  0.499795E+00  0.178704E+04  0.906043E+03  0.000000E+00  0.000000E+00  0.000000E+00  0.163694E+04
  0.516736E+00  0.169628E+04  0.858021E+03  0.000000E+00  0.000000E+00  0.000000E+00  0.155347E+04
  0.534250E+00  0.160986E+04  0.813216E+03  0.000000E+00  0.000000E+00  0.000000E+00  0.147413E+04
  0.552359E+00  0.152790E+04  0.773233E+03  0.000000E+00  0.000000E+00  0.000000E+00  0.139932E+04
  0.571081E+00  0.144981E+04  0.733915E+03  0.000000E+00  0.000000E+00  0.000000E+00  0.132784E+04
  0.590438E+00  0.137538E+04  0.695483E+03  0.000000E+00  0.000000E+00  0.000000E+00  0.125955E+04
  0.610451E+00  0.130468E+04  0.660021E+03  0.000000E+00  0.000000E+00  0.000000E+00  0.119485E+04
  0.631142E+00  0.123745E+04  0.626268E+03  0.000000E+00  0.000000E+00  0.000000E+00  0.113332E+04
  0.652535E+00  0.117347E+04  0.593651E+03  0.000000E+00  0.000000E+00  0.000000E+00  0.107468E+04
  0.674653E+00  0.111267E+04  0.562978E+03  0.000000E+00  0.000000E+00  0.000000E+00  0.101902E+04
  0.697520E+00  0.105488E+04  0.533819E+03  0.000000E+00  0.000000E+00  0.000000E+00  0.966107E+03
  0.721163E+00  0.999945E+03  0.505962E+03  0.000000E+00  0.000000E+00  0.000000E+00  0.915785E+03
  0.745607E+00  0.947755E+03  0.479607E+03  0.000000E+00  0.000000E+00  0.000000E+00  0.867996E+03
  0.770879E+00  0.898160E+03  0.454514E+03  0.000000E+00  0.000000E+00  0.000000E+00  0.822576E+03
  0.797008E+00  0.851048E+03  0.430676E+03  0.000000E+00  0.000000E+00  0.000000E+00  0.779429E+03
  0.824022E+00  0.806311E+03  0.408058E+03  0.000000E+00  0.000000E+00  0.000000E+00  0.738460E+03
  0.851953E+00  0.763825E+03  0.386559E+03  0.000000E+00  0.000000E+00  0.000000E+00  0.699550E+03
  0.880830E+00  0.723498E+03  0.366164E+03  0.000000E+00  0.000000E+00  0.000000E+00  0.662619E+03
  0.910686E+00  0.685216E+03  0.346796E+03  0.000000E+00  0.000000E+00  0.000000E+00  0.627559E+03
  0.941553E+00  0.648888E+03  0.328419E+03  0.000000E+00  0.000000E+00  0.000000E+00  0.594290E+03
  0.973468E+00  0.614411E+03  0.310976E+03  0.000000E+00  0.000000E+00  0.000000E+00  0.562715E+03
  0.100646E+01  0.581699E+03  0.294425E+03  0.000000E+00  0.000000E+00  0.000000E+00  0.532756E+03
  0.104058E+01  0.550662E+03  0.278721E+03  0.000000E+00  0.000000E+00  0.000000E+00  0.504332E+03
  0.107585E+01  0.521223E+03  0.263827E+03  0.000000E+00  0.000000E+00  0.000000E+00  0.477370E+03
  0.111231E+01  0.493304E+03  0.249700E+03  0.000000E+00  0.000000E+00  0.000000E+00  0.451801E+03
  0.115002E+01  0.466831E+03  0.236305E+03  0.000000E+00  0.000000E+00  0.000000E+00  0.427556E+03
  0.118900E+01  0.441733E+03  0.223605E+03  0.000000E+00  0.000000E+00  0.000000E+00  0.404570E+03
  0.122930E+01  0.417938E+03  0.211563E+03  0.000000E+00  0.000000E+00  0.000000E+00  0.382778E+03
  0.127096E+01  0.395386E+03  0.200150E+03  0.000000E+00  0.000000E+00  0.000000E+00  0.362123E+03
  0.131404E+01  0.374012E+03  0.189334E+03  0.000000E+00  0.000000E+00  0.000000E+00  0.342548E+03
  0.135858E+01  0.353759E+03  0.179085E+03  0.000000E+00  0.000000E+00  0.000000E+00  0.324000E+03
  0.140463E+01  0.334570E+03  0.169373E+03  0.000000E+00  0.000000E+00  0.000000E+00  0.306425E+03
  0.145224E+01  0.316390E+03  0.160173E+03  0.000000E+00  0.000000E+00  0.000000E+00  0.289775E+03
  0.150147E+01  0.299167E+03  0.151455E+03  0.000000E+00  0.000000E+00  0.000000E+00  0.274001E+03
  0.155236E+01  0.282855E+03  0.143200E+03  0.000000E+00  0.000000E+00  0.000000E+00  0.259062E+03
  0.160498E+01  0.267409E+03  0.135382E+03  0.000000E+00  0.000000E+00  0.000000E+00  0.244916E+03
  0.165938E+01  0.252783E+03  0.127979E+03  0.000000E+00  0.000000E+00  0.000000E+00  0.231521E+03
  0.171562E+01  0.238936E+03  0.120970E+03  0.000000E+00  0.000000E+00  0.000000E+00  0.218838E+03
  0.177377E+01  0.225828E+03  0.114335E+03  0.000000E+00  0.000000E+00  0.000000E+00  0.206833E+03
  0.183390E+01  0.213420E+03  0.108055E+03  0.000000E+00  0.000000E+00  0.000000E+00  0.195469E+03
  0.189606E+01  0.201676E+03  0.102110E+03  0.000000E+00  0.000000E+00  0.000000E+00  0.184713E+03
  0.196032E+01  0.190562E+03  0.964837E+02  0.000000E+00  0.000000E+00  0.000000E+00  0.174533E+03
  0.202677E+01  0.180044E+03  0.911597E+02  0.000000E+00  0.000000E+00  0.000000E+00  0.164901E+03
  0.209547E+01  0.170093E+03  0.861224E+02  0.000000E+00  0.000000E+00  0.000000E+00  0.155787E+03
  0.216649E+01  0.160679E+03  0.813567E+02  0.000000E+00  0.000000E+00  0.000000E+00  0.147165E+03
  0.223993E+01  0.151775E+03  0.768490E+02  0.000000E+00  0.000000E+00  0.000000E+00  0.139010E+03
  0.231585E+01  0.143352E+03  0.725851E+02  0.000000E+00  0.000000E+00  0.000000E+00  0.131296E+03
  0.239434E+01  0.135386E+03  0.685525E+02  0.000000E+00  0.000000E+00  0.000000E+00  0.124000E+03
  0.247550E+01  0.127853E+03  0.647386E+02  0.000000E+00  0.000000E+00  0.000000E+00  0.117100E+03
  0.255941E+01  0.120730E+03  0.611324E+02  0.000000E+00  0.000000E+00  0.000000E+00  0.110576E+03
  0.264616E+01  0.113994E+03  0.577224E+02  0.000000E+00  0.000000E+00  0.000000E+00  0.104407E+03
  0.273585E+01  0.107627E+03  0.544987E+02  0.000000E+00  0.000000E+00  0.000000E+00  0.985753E+02
  0.282858E+01  0.101608E+03  0.514514E+02  0.000000E+00  0.000000E+00  0.000000E+00  0.930628E+02
  0.292446E+01  0.959189E+02  0.485710E+02  0.000000E+00  0.000000E+00  0.000000E+00  0.878522E+02
  0.302358E+01  0.905416E+02  0.458485E+02  0.000000E+00  0.000000E+00  0.000000E+00  0.829272E+02
  0.312607E+01  0.854597E+02  0.432755E+02  0.000000E+00  0.000000E+00  0.000000E+00  0.782727E+02
  0.323203E+01  0.806574E+02  0.408441E+02  0.000000E+00  0.000000E+00  0.000000E+00  0.738744E+02
  0.334158E+01  0.761196E+02  0.385465E+02  0.000000E+00  0.000000E+00  0.000000E+00  0.697183E+02
  0.345484E+01  0.718327E+02  0.363759E+02  0.000000E+00  0.000000E+00  0.000000E+00  0.657919E+02
  0.357194E+01  0.677827E+02  0.343252E+02  0.000000E+00  0.000000E+00  0.000000E+00  0.620825E+02
  0.369301E+01  0.639568E+02  0.323881E+02  0.000000E+00  0.000000E+00  0.000000E+00  0.585784E+02
  0.381819E+01  0.603428E+02  0.305581E+02  0.000000E+00  0.000000E+00  0.000000E+00  0.552683E+02
  0.394761E+01  0.569293E+02  0.288297E+02  0.000000E+00  0.000000E+00  0.000000E+00  0.521419E+02
  0.408141E+01  0.537055E+02  0.271973E+02  0.000000E+00  0.000000E+00  0.000000E+00  0.491893E+02
  0.421975E+01  0.506613E+02  0.256558E+02  0.000000E+00  0.000000E+00  0.000000E+00  0.464011E+02
  0.436278E+01  0.477868E+02  0.242003E+02  0.000000E+00  0.000000E+00  0.000000E+00  0.437683E+02
  0.451066E+01  0.450724E+02  0.228258E+02  0.000000E+00  0.000000E+00  0.000000E+00  0.412823E+02
  0.466355E+01  0.425097E+02  0.215281E+02  0.000000E+00  0.000000E+00  0.000000E+00  0.389351E+02
  0.482162E+01  0.400903E+02  0.203029E+02  0.000000E+00  0.000000E+00  0.000000E+00  0.367191E+02
  0.498505E+01  0.378065E+02  0.191465E+02  0.000000E+00  0.000000E+00  0.000000E+00  0.346274E+02
  0.515402E+01  0.356508E+02  0.180548E+02  0.000000E+00  0.000000E+00  0.000000E+00  0.326530E+02
  0.532871E+01  0.336161E+02  0.170244E+02  0.000000E+00  0.000000E+00  0.000000E+00  0.307893E+02
  0.550933E+01  0.316955E+02  0.160519E+02  0.000000E+00  0.000000E+00  0.000000E+00  0.290303E+02
  0.569607E+01  0.298831E+02  0.151341E+02  0.000000E+00  0.000000E+00  0.000000E+00  0.273703E+02
  0.588914E+01  0.281729E+02  0.142680E+02  0.000000E+00  0.000000E+00  0.000000E+00  0.258039E+02
  0.608875E+01  0.265590E+02  0.134507E+02  0.000000E+00  0.000000E+00  0.000000E+00  0.243258E+02
  0.629513E+01  0.250363E+02  0.126796E+02  0.000000E+00  0.000000E+00  0.000000E+00  0.229310E+02
  0.650850E+01  0.235995E+02  0.119520E+02  0.000000E+00  0.000000E+00  0.000000E+00  0.216151E+02
  0.672911E+01  0.222441E+02  0.112655E+02  0.000000E+00  0.000000E+00  0.000000E+00  0.203737E+02
  0.695719E+01  0.209656E+02  0.106180E+02  0.000000E+00  0.000000E+00  0.000000E+00  0.192027E+02
  0.719301E+01  0.197594E+02  0.100072E+02  0.000000E+00  0.000000E+00  0.000000E+00  0.180979E+02
  0.743682E+01  0.186217E+02  0.943099E+01  0.000000E+00  0.000000E+00  0.000000E+00  0.170559E+02
  0.768889E+01  0.175486E+02  0.888756E+01  0.000000E+00  0.000000E+00  0.000000E+00  0.160730E+02
  0.794951E+01  0.165366E+02  0.837502E+01  0.000000E+00  0.000000E+00  0.000000E+00  0.151461E+02
  0.821895E+01  0.155822E+02  0.789166E+01  0.000000E+00  0.000000E+00  0.000000E+00  0.142720E+02
  0.849754E+01  0.146821E+02  0.743581E+01  0.000000E+00  0.000000E+00  0.000000E+00  0.134476E+02
  0.878556E+01  0.138334E+02  0.700598E+01  0.000000E+00  0.000000E+00  0.000000E+00  0.126702E+02
  0.908335E+01  0.130332E+02  0.660068E+01  0.000000E+00  0.000000E+00  0.000000E+00  0.119373E+02
  0.939123E+01  0.122787E+02  0.621854E+01  0.000000E+00  0.000000E+00  0.000000E+00  0.112462E+02
  0.970955E+01  0.115672E+02  0.585823E+01  0.000000E+00  0.000000E+00  0.000000E+00  0.105946E+02
  0.100386E+02  0.108966E+02  0.551857E+01  0.000000E+00  0.000000E+00  0.000000E+00  0.998036E+01
  0.103789E+02  0.102644E+02  0.519836E+01  0.000000E+00  0.000000E+00  0.000000E+00  0.940129E+01
  0.107307E+02  0.966840E+01  0.489650E+01  0.000000E+00  0.000000E+00  0.000000E+00  0.885541E+01
  0.110944E+02  0.910663E+01  0.461197E+01  0.000000E+00  0.000000E+00  0.000000E+00  0.834087E+01
  0.114705E+02  0.857715E+01  0.434379E+01  0.000000E+00  0.000000E+00  0.000000E+00  0.785591E+01
  0.118593E+02  0.807808E+01  0.409102E+01  0.000000E+00  0.000000E+00  0.000000E+00  0.739880E+01
  0.122612E+02  0.760771E+01  0.385277E+01  0.000000E+00  0.000000E+00  0.000000E+00  0.696798E+01
  0.126768E+02  0.716447E+01  0.362828E+01  0.000000E+00  0.000000E+00  0.000000E+00  0.656201E+01
  0.131065E+02  0.674676E+01  0.341670E+01  0.000000E+00  0.000000E+00  0.000000E+00  0.617941E+01
  0.135508E+02  0.635315E+01  0.321733E+01  0.000000E+00  0.000000E+00  0.000000E+00  0.581890E+01
  0.140101E+02  0.598226E+01  0.302947E+01  0.000000E+00  0.000000E+00  0.000000E+00  0.547920E+01
  0.144849E+02  0.563280E+01  0.285247E+01  0.000000E+00  0.000000E+00  0.000000E+00  0.515912E+01
  0.149759E+02  0.530354E+01  0.268569E+01  0.000000E+00  0.000000E+00  0.000000E+00  0.485753E+01
  0.154835E+02  0.499335E+01  0.252857E+01  0.000000E+00  0.000000E+00  0.000000E+00  0.457342E+01
  0.160083E+02  0.470110E+01  0.238054E+01  0.000000E+00  0.000000E+00  0.000000E+00  0.430574E+01
  0.165509E+02  0.442579E+01  0.224109E+01  0.000000E+00  0.000000E+00  0.000000E+00  0.405358E+01
  0.171119E+02  0.416645E+01  0.210972E+01  0.000000E+00  0.000000E+00  0.000000E+00  0.381605E+01
  0.176919E+02  0.392216E+01  0.198598E+01  0.000000E+00  0.000000E+00  0.000000E+00  0.359229E+01
  0.182916E+02  0.369206E+01  0.186942E+01  0.000000E+00  0.000000E+00  0.000000E+00  0.338154E+01
  0.189116E+02  0.347533E+01  0.175964E+01  0.000000E+00  0.000000E+00  0.000000E+00  0.318303E+01
  0.195526E+02  0.327120E+01  0.165624E+01  0.000000E+00  0.000000E+00  0.000000E+00  0.299606E+01
  0.202154E+02  0.307896E+01  0.155886E+01  0.000000E+00  0.000000E+00  0.000000E+00  0.281998E+01
  0.209006E+02  0.289790E+01  0.146714E+01  0.000000E+00  0.000000E+00  0.000000E+00  0.265415E+01
  0.216090E+02  0.272741E+01  0.138077E+01  0.000000E+00  0.000000E+00  0.000000E+00  0.249798E+01
  0.223414E+02  0.256685E+01  0.129944E+01  0.000000E+00  0.000000E+00  0.000000E+00  0.235092E+01
  0.230987E+02  0.241566E+01  0.122285E+01  0.000000E+00  0.000000E+00  0.000000E+00  0.221244E+01
  0.238816E+02  0.227330E+01  0.115074E+01  0.000000E+00  0.000000E+00  0.000000E+00  0.208205E+01
  0.246911E+02  0.213925E+01  0.108283E+01  0.000000E+00  0.000000E+00  0.000000E+00  0.195927E+01
  0.255280E+02  0.201305E+01  0.101890E+01  0.000000E+00  0.000000E+00  0.000000E+00  0.184368E+01
  0.263933E+02  0.189422E+01  0.958704E+00  0.000000E+00  0.000000E+00  0.000000E+00  0.173484E+01
  0.272879E+02  0.178236E+01  0.902035E+00  0.000000E+00  0.000000E+00  0.000000E+00  0.163238E+01
  0.282128E+02  0.167704E+01  0.848681E+00  0.000000E+00  0.000000E+00  0.000000E+00  0.153592E+01
  0.291691E+02  0.157791E+01  0.798458E+00  0.000000E+00  0.000000E+00  0.000000E+00  0.144511E+01
  0.301578E+02  0.148458E+01  0.751176E+00  0.000000E+00  0.000000E+00  0.000000E+00  0.135963E+01
  0.311800E+02  0.139673E+01  0.706671E+00  0.000000E+00  0.000000E+00  0.000000E+00  0.127916E+01
  0.322368E+02  0.131403E+01  0.664776E+00  0.000000E+00  0.000000E+00  0.000000E+00  0.120342E+01
  0.333295E+02  0.123620E+01  0.625343E+00  0.000000E+00  0.000000E+00  0.000000E+00  0.113213E+01
  0.344592E+02  0.116294E+01  0.588228E+00  0.000000E+00  0.000000E+00  0.000000E+00  0.106503E+01
  0.356272E+02  0.109399E+01  0.553294E+00  0.000000E+00  0.000000E+00  0.000000E+00  0.100187E+01
  0.368348E+02  0.102910E+01  0.520417E+00  0.000000E+00  0.000000E+00  0.000000E+00  0.942432E+00
  0.380833E+02  0.968023E+00  0.489474E+00  0.000000E+00  0.000000E+00  0.000000E+00  0.886492E+00
  0.393741E+02  0.910549E+00  0.460355E+00  0.000000E+00  0.000000E+00  0.000000E+00  0.833850E+00
  0.407088E+02  0.856462E+00  0.432951E+00  0.000000E+00  0.000000E+00  0.000000E+00  0.784308E+00
  0.420886E+02  0.805566E+00  0.407163E+00  0.000000E+00  0.000000E+00  0.000000E+00  0.737690E+00
  0.435152E+02  0.757671E+00  0.382896E+00  0.000000E+00  0.000000E+00  0.000000E+00  0.693820E+00
  0.449901E+02  0.712606E+00  0.360062E+00  0.000000E+00  0.000000E+00  0.000000E+00  0.652543E+00
  0.465151E+02  0.670201E+00  0.338575E+00  0.000000E+00  0.000000E+00  0.000000E+00  0.613702E+00
  0.480917E+02  0.630302E+00  0.318358E+00  0.000000E+00  0.000000E+00  0.000000E+00  0.577156E+00
  0.497218E+02  0.592762E+00  0.299337E+00  0.000000E+00  0.000000E+00  0.000000E+00  0.542771E+00
  0.514071E+02  0.557444E+00  0.281440E+00  0.000000E+00  0.000000E+00  0.000000E+00  0.510421E+00
  0.531495E+02  0.524216E+00  0.264602E+00  0.000000E+00  0.000000E+00  0.000000E+00  0.479985E+00
  0.549511E+02  0.492955E+00  0.248760E+00  0.000000E+00  0.000000E+00  0.000000E+00  0.451351E+00
  0.568136E+02  0.463547E+00  0.233858E+00  0.000000E+00  0.000000E+00  0.000000E+00  0.424415E+00
  0.587394E+02  0.435881E+00  0.219837E+00  0.000000E+00  0.000000E+00  0.000000E+00  0.399073E+00
  0.607303E+02  0.409857E+00  0.206649E+00  0.000000E+00  0.000000E+00  0.000000E+00  0.375236E+00
  0.627888E+02  0.385376E+00  0.194242E+00  0.000000E+00  0.000000E+00  0.000000E+00  0.352812E+00
  0.649170E+02  0.362348E+00  0.182572E+00  0.000000E+00  0.000000E+00  0.000000E+00  0.331720E+00
  0.671174E+02  0.340687E+00  0.171593E+00  0.000000E+00  0.000000E+00  0.000000E+00  0.311879E+00
  0.693923E+02  0.320314E+00  0.161268E+00  0.000000E+00  0.000000E+00  0.000000E+00  0.293218E+00
  0.717444E+02  0.301152E+00  0.151555E+00  0.000000E+00  0.000000E+00  0.000000E+00  0.275665E+00
  0.741761E+02  0.283129E+00  0.142420E+00  0.000000E+00  0.000000E+00  0.000000E+00  0.259156E+00
  0.766904E+02  0.266178E+00  0.133827E+00  0.000000E+00  0.000000E+00  0.000000E+00  0.243629E+00
  0.792898E+02  0.250236E+00  0.125746E+00  0.000000E+00  0.000000E+00  0.000000E+00  0.229027E+00
  0.819773E+02  0.235243E+00  0.118146E+00  0.000000E+00  0.000000E+00  0.000000E+00  0.215293E+00
  0.847559E+02  0.221143E+00  0.110998E+00  0.000000E+00  0.000000E+00  0.000000E+00  0.202378E+00
  0.876288E+02  0.207884E+00  0.104276E+00  0.000000E+00  0.000000E+00  0.000000E+00  0.190232E+00
  0.905989E+02  0.195415E+00  0.979546E-01  0.000000E+00  0.000000E+00  0.000000E+00  0.178810E+00
  0.936699E+02  0.183689E+00  0.920094E-01  0.000000E+00  0.000000E+00  0.000000E+00  0.168069E+00
  0.968448E+02  0.172663E+00  0.864187E-01  0.000000E+00  0.000000E+00  0.000000E+00  0.157969E+00
  0.100127E+03  0.162295E+00  0.811618E-01  0.000000E+00  0.000000E+00  0.000000E+00  0.148472E+00
  0.103521E+03  0.152547E+00  0.762186E-01  0.000000E+00  0.000000E+00  0.000000E+00  0.139543E+00
  0.107030E+03  0.143380E+00  0.715701E-01  0.000000E+00  0.000000E+00  0.000000E+00  0.131146E+00
  0.110658E+03  0.134762E+00  0.671993E-01  0.000000E+00  0.000000E+00  0.000000E+00  0.123251E+00
  0.114409E+03  0.126659E+00  0.630897E-01  0.000000E+00  0.000000E+00  0.000000E+00  0.115828E+00
  0.118286E+03  0.119040E+00  0.592255E-01  0.000000E+00  0.000000E+00  0.000000E+00  0.108850E+00
  0.122296E+03  0.111877E+00  0.555922E-01  0.000000E+00  0.000000E+00  0.000000E+00  0.102288E+00
  0.126441E+03  0.105143E+00  0.521762E-01  0.000000E+00  0.000000E+00  0.000000E+00  0.961191E-01
  0.130727E+03  0.988124E-01  0.489647E-01  0.000000E+00  0.000000E+00  0.000000E+00  0.903198E-01
  0.135158E+03  0.928608E-01  0.459452E-01  0.000000E+00  0.000000E+00  0.000000E+00  0.848677E-01
  0.139739E+03  0.872655E-01  0.431064E-01  0.000000E+00  0.000000E+00  0.000000E+00  0.797421E-01
  0.144475E+03  0.820059E-01  0.404376E-01  0.000000E+00  0.000000E+00  0.000000E+00  0.749239E-01
  0.149372E+03  0.770617E-01  0.379288E-01  0.000000E+00  0.000000E+00  0.000000E+00  0.703946E-01
  0.154436E+03  0.724138E-01  0.355700E-01  0.000000E+00  0.000000E+00  0.000000E+00  0.661367E-01
  0.159670E+03  0.680451E-01  0.333529E-01  0.000000E+00  0.000000E+00  0.000000E+00  0.621345E-01
  0.165082E+03  0.639385E-01  0.312686E-01  0.000000E+00  0.000000E+00  0.000000E+00  0.583725E-01
  0.170677E+03  0.600786E-01  0.293094E-01  0.000000E+00  0.000000E+00  0.000000E+00  0.548364E-01
  0.176463E+03  0.564503E-01  0.274676E-01  0.000000E+00  0.000000E+00  0.000000E+00  0.515125E-01
  0.182444E+03  0.530402E-01  0.257365E-01  0.000000E+00  0.000000E+00  0.000000E+00  0.483885E-01
  0.188628E+03  0.498351E-01  0.241093E-01  0.000000E+00  0.000000E+00  0.000000E+00  0.454522E-01
  0.195021E+03  0.468226E-01  0.225799E-01  0.000000E+00  0.000000E+00  0.000000E+00  0.426924E-01
  0.201632E+03  0.439912E-01  0.211423E-01  0.000000E+00  0.000000E+00  0.000000E+00  0.400985E-01
  0.208466E+03  0.413304E-01  0.197913E-01  0.000000E+00  0.000000E+00  0.000000E+00  0.376608E-01
  0.215532E+03  0.388297E-01  0.185216E-01  0.000000E+00  0.000000E+00  0.000000E+00  0.353698E-01
  0.222837E+03  0.364796E-01  0.173283E-01  0.000000E+00  0.000000E+00  0.000000E+00  0.332168E-01
  0.230391E+03  0.342709E-01  0.162068E-01  0.000000E+00  0.000000E+00  0.000000E+00  0.311933E-01
  0.238200E+03  0.321953E-01  0.151530E-01  0.000000E+00  0.000000E+00  0.000000E+00  0.292918E-01
  0.246273E+03  0.302449E-01  0.141628E-01  0.000000E+00  0.000000E+00  0.000000E+00  0.275050E-01
  0.254621E+03  0.284119E-01  0.132322E-01  0.000000E+00  0.000000E+00  0.000000E+00  0.258257E-01
  0.263252E+03  0.266896E-01  0.123580E-01  0.000000E+00  0.000000E+00  0.000000E+00  0.242479E-01
  0.272174E+03  0.250711E-01  0.115367E-01  0.000000E+00  0.000000E+00  0.000000E+00  0.227652E-01
  0.281400E+03  0.235503E-01  0.107650E-01  0.000000E+00  0.000000E+00  0.000000E+00  0.213721E-01
  0.290938E+03  0.221212E-01  0.100402E-01  0.000000E+00  0.000000E+00  0.000000E+00  0.200630E-01
  0.300799E+03  0.207785E-01  0.935935E-02  0.000000E+00  0.000000E+00  0.000000E+00  0.188330E-01
  0.310995E+03  0.195169E-01  0.871990E-02  0.000000E+00  0.000000E+00  0.000000E+00  0.176774E-01
  0.321536E+03  0.183314E-01  0.811940E-02  0.000000E+00  0.000000E+00  0.000000E+00  0.165916E-01
  0.332435E+03  0.172176E-01  0.755552E-02  0.000000E+00  0.000000E+00  0.000000E+00  0.155715E-01
  0.343702E+03  0.161712E-01  0.702616E-02  0.000000E+00  0.000000E+00  0.000000E+00  0.146131E-01
  0.355352E+03  0.151880E-01  0.652925E-02  0.000000E+00  0.000000E+00  0.000000E+00  0.137128E-01
  0.367397E+03  0.142643E-01  0.606290E-02  0.000000E+00  0.000000E+00  0.000000E+00  0.128670E-01
  0.379850E+03  0.133964E-01  0.562527E-02  0.000000E+00  0.000000E+00  0.000000E+00  0.120724E-01
  0.392725E+03  0.125810E-01  0.521472E-02  0.000000E+00  0.000000E+00  0.000000E+00  0.113260E-01
  0.406036E+03  0.118151E-01  0.482970E-02  0.000000E+00  0.000000E+00  0.000000E+00  0.106250E-01
  0.419799E+03  0.110955E-01  0.446869E-02  0.000000E+00  0.000000E+00  0.000000E+00  0.996648E-02
  0.434028E+03  0.104195E-01  0.413033E-02  0.000000E+00  0.000000E+00  0.000000E+00  0.934802E-02
  0.448740E+03  0.978449E-02  0.381331E-02  0.000000E+00  0.000000E+00  0.000000E+00  0.876718E-02
  0.463949E+03  0.918796E-02  0.351641E-02  0.000000E+00  0.000000E+00  0.000000E+00  0.822169E-02
  0.479676E+03  0.862755E-02  0.323845E-02  0.000000E+00  0.000000E+00  0.000000E+00  0.770941E-02
  0.495934E+03  0.810117E-02  0.297841E-02  0.000000E+00  0.000000E+00  0.000000E+00  0.722840E-02
  0.512744E+03  0.760672E-02  0.273526E-02  0.000000E+00  0.000000E+00  0.000000E+00  0.677676E-02
  0.530123E+03  0.714227E-02  0.250805E-02  0.000000E+00  0.000000E+00  0.000000E+00  0.635274E-02
  0.548092E+03  0.670600E-02  0.229589E-02  0.000000E+00  0.000000E+00  0.000000E+00  0.595465E-02
  0.566670E+03  0.629623E-02  0.209797E-02  0.000000E+00  0.000000E+00  0.000000E+00  0.558097E-02
  0.585877E+03  0.591136E-02  0.191349E-02  0.000000E+00  0.000000E+00  0.000000E+00  0.523024E-02
  0.605735E+03  0.554987E-02  0.174172E-02  0.000000E+00  0.000000E+00  0.000000E+00  0.490108E-02
  0.626267E+03  0.521034E-02  0.158198E-02  0.000000E+00  0.000000E+00  0.000000E+00  0.459217E-02
  0.647494E+03  0.489147E-02  0.143362E-02  0.000000E+00  0.000000E+00  0.000000E+00  0.430235E-02
  0.669441E+03  0.459199E-02  0.129604E-02  0.000000E+00  0.000000E+00  0.000000E+00  0.403046E-02
  0.692132E+03  0.431073E-02  0.116864E-02  0.000000E+00  0.000000E+00  0.000000E+00  0.377541E-02
  0.715592E+03  0.404660E-02  0.105091E-02  0.000000E+00  0.000000E+00  0.000000E+00  0.353622E-02
  0.739846E+03  0.379856E-02  0.942326E-03  0.000000E+00  0.000000E+00  0.000000E+00  0.331194E-02
  0.764923E+03  0.356563E-02  0.842397E-03  0.000000E+00  0.000000E+00  0.000000E+00  0.310167E-02
  0.790852E+03  0.334687E-02  0.750660E-03  0.000000E+00  0.000000E+00  0.000000E+00  0.290455E-02
  0.817657E+03  0.314147E-02  0.666691E-03  0.000000E+00  0.000000E+00  0.000000E+00  0.271984E-02
  0.845371E+03  0.294861E-02  0.590054E-03  0.000000E+00  0.000000E+00  0.000000E+00  0.254678E-02
  0.874025E+03  0.276752E-02  0.520353E-03  0.000000E+00  0.000000E+00  0.000000E+00  0.238467E-02
  0.903651E+03  0.259747E-02  0.457187E-03  0.000000E+00  0.000000E+00  0.000000E+00  0.223283E-02
  0.934280E+03  0.243783E-02  0.400189E-03  0.000000E+00  0.000000E+00  0.000000E+00  0.209067E-02
  0.965947E+03  0.228794E-02  0.348987E-03  0.000000E+00  0.000000E+00  0.000000E+00  0.195760E-02
  0.998688E+03  0.214723E-02  0.303217E-03  0.000000E+00  0.000000E+00  0.000000E+00  0.183306E-02
  0.103254E+04  0.201512E-02  0.262525E-03  0.000000E+00  0.000000E+00  0.000000E+00  0.171653E-02
  0.106754E+04  0.189111E-02  0.226569E-03  0.000000E+00  0.000000E+00  0.000000E+00  0.160752E-02
  0.110372E+04  0.177469E-02  0.194999E-03  0.000000E+00  0.000000E+00  0.000000E+00  0.150556E-02
  0.114113E+04  0.166541E-02  0.167472E-03  0.000000E+00  0.000000E+00  0.000000E+00  0.141021E-02
  0.117981E+04  0.156284E-02  0.143658E-03  0.000000E+00  0.000000E+00  0.000000E+00  0.132106E-02
  0.121980E+04  0.146657E-02  0.123216E-03  0.000000E+00  0.000000E+00  0.000000E+00  0.123771E-02
  0.126115E+04  0.137622E-02  0.105817E-03  0.000000E+00  0.000000E+00  0.000000E+00  0.115978E-02
  0.130389E+04  0.129141E-02  0.911327E-04  0.000000E+00  0.000000E+00  0.000000E+00  0.108692E-02
  0.134809E+04  0.121183E-02  0.788447E-04  0.000000E+00  0.000000E+00  0.000000E+00  0.101880E-02
  0.139378E+04  0.113714E-02  0.686410E-04  0.000000E+00  0.000000E+00  0.000000E+00  0.955101E-03
  0.144102E+04  0.106705E-02  0.602202E-04  0.000000E+00  0.000000E+00  0.000000E+00  0.895520E-03
  0.148987E+04  0.100128E-02  0.532960E-04  0.000000E+00  0.000000E+00  0.000000E+00  0.839774E-03
  0.154037E+04  0.939567E-03  0.475986E-04  0.000000E+00  0.000000E+00  0.000000E+00  0.787602E-03
  0.159258E+04  0.881657E-03  0.428791E-04  0.000000E+00  0.000000E+00  0.000000E+00  0.738754E-03
  0.164656E+04  0.827321E-03  0.389136E-04  0.000000E+00  0.000000E+00  0.000000E+00  0.693000E-03
  0.170237E+04  0.776335E-03  0.355044E-04  0.000000E+00  0.000000E+00  0.000000E+00  0.650119E-03
  0.176007E+04  0.728496E-03  0.324853E-04  0.000000E+00  0.000000E+00  0.000000E+00  0.609917E-03
  0.181973E+04  0.683611E-03  0.297227E-04  0.000000E+00  0.000000E+00  0.000000E+00  0.572208E-03
  0.188141E+04  0.641492E-03  0.271154E-04  0.000000E+00  0.000000E+00  0.000000E+00  0.536821E-03
  0.194518E+04  0.601974E-03  0.245970E-04  0.000000E+00  0.000000E+00  0.000000E+00  0.503606E-03
  0.201111E+04  0.564894E-03  0.221322E-04  0.000000E+00  0.000000E+00  0.000000E+00  0.472424E-03
  0.207928E+04  0.530101E-03  0.197141E-04  0.000000E+00  0.000000E+00  0.000000E+00  0.443146E-03
  0.214976E+04  0.497451E-03  0.173590E-04  0.000000E+00  0.000000E+00  0.000000E+00  0.415657E-03
  0.222262E+04  0.466814E-03  0.151013E-04  0.000000E+00  0.000000E+00  0.000000E+00  0.389856E-03
  0.229796E+04  0.438066E-03  0.129841E-04  0.000000E+00  0.000000E+00  0.000000E+00  0.365645E-03
  0.237585E+04  0.411088E-03  0.110529E-04  0.000000E+00  0.000000E+00  0.000000E+00  0.342934E-03
  0.245638E+04  0.385769E-03  0.934702E-05  0.000000E+00  0.000000E+00  0.000000E+00  0.321638E-03
  0.253964E+04  0.362011E-03  0.789351E-05  0.000000E+00  0.000000E+00  0.000000E+00  0.301680E-03
  0.262572E+04  0.339715E-03  0.670164E-05  0.000000E+00  0.000000E+00  0.000000E+00  0.282980E-03
  0.271471E+04  0.318791E-03  0.576117E-05  0.000000E+00  0.000000E+00  0.000000E+00  0.265460E-03
  0.280673E+04  0.299154E-03  0.504275E-05  0.000000E+00  0.000000E+00  0.000000E+00  0.249047E-03
  0.290187E+04  0.280727E-03  0.450222E-05  0.000000E+00  0.000000E+00  0.000000E+00  0.233667E-03
  0.300022E+04  0.263434E-03  0.408666E-05  0.000000E+00  0.000000E+00  0.000000E+00  0.219249E-03
  0.310192E+04  0.247204E-03  0.374280E-05  0.000000E+00  0.000000E+00  0.000000E+00  0.205725E-03
  0.320706E+04  0.231974E-03  0.342513E-05  0.000000E+00  0.000000E+00  0.000000E+00  0.193036E-03
  0.331576E+04  0.217682E-03  0.310265E-05  0.000000E+00  0.000000E+00  0.000000E+00  0.181124E-03
  0.342815E+04  0.204270E-03  0.276257E-05  0.000000E+00  0.000000E+00  0.000000E+00  0.169939E-03
  0.354435E+04  0.191682E-03  0.240978E-05  0.000000E+00  0.000000E+00  0.000000E+00  0.159436E-03
  0.366448E+04  0.179871E-03  0.206243E-05  0.000000E+00  0.000000E+00  0.000000E+00  0.149577E-03
  0.378869E+04  0.168786E-03  0.174409E-05  0.000000E+00  0.000000E+00  0.000000E+00  0.140327E-03
  0.391711E+04  0.158383E-03  0.147526E-05  0.000000E+00  0.000000E+00  0.000000E+00  0.131651E-03
  0.404988E+04  0.148620E-03  0.126619E-05  0.000000E+00  0.000000E+00  0.000000E+00  0.123516E-03
  0.418715E+04  0.139459E-03  0.111363E-05  0.000000E+00  0.000000E+00  0.000000E+00  0.115889E-03
  0.432907E+04  0.130862E-03  0.100266E-05  0.000000E+00  0.000000E+00  0.000000E+00  0.108738E-03
  0.447581E+04  0.122794E-03  0.912769E-06  0.000000E+00  0.000000E+00  0.000000E+00  0.102029E-03
  0.462752E+04  0.115222E-03  0.825830E-06  0.000000E+00  0.000000E+00  0.000000E+00  0.957323E-04
  0.478437E+04  0.108117E-03  0.732616E-06  0.000000E+00  0.000000E+00  0.000000E+00  0.898219E-04
  0.494653E+04  0.101450E-03  0.634781E-06  0.000000E+00  0.000000E+00  0.000000E+00  0.842737E-04
  0.511420E+04  0.951922E-04  0.541593E-06  0.000000E+00  0.000000E+00  0.000000E+00  0.790665E-04
  0.528755E+04  0.893206E-04  0.463214E-06  0.000000E+00  0.000000E+00  0.000000E+00  0.741819E-04
  0.546677E+04  0.838105E-04  0.404221E-06  0.000000E+00  0.000000E+00  0.000000E+00  0.696005E-04
  0.565206E+04  0.786398E-04  0.361305E-06  0.000000E+00  0.000000E+00  0.000000E+00  0.653035E-04
  0.584365E+04  0.737874E-04  0.326098E-06  0.000000E+00  0.000000E+00  0.000000E+00  0.612717E-04
  0.604171E+04  0.692341E-04  0.291093E-06  0.000000E+00  0.000000E+00  0.000000E+00  0.574883E-04
  0.624650E+04  0.649612E-04  0.254223E-06  0.000000E+00  0.000000E+00  0.000000E+00  0.539370E-04
  0.645822E+04  0.609517E-04  0.218819E-06  0.000000E+00  0.000000E+00  0.000000E+00  0.506046E-04
  0.667713E+04  0.571891E-04  0.189381E-06  0.000000E+00  0.000000E+00  0.000000E+00  0.474780E-04
  0.690345E+04  0.536585E-04  0.167142E-06  0.000000E+00  0.000000E+00  0.000000E+00  0.445452E-04
  0.713744E+04  0.503456E-04  0.149327E-06  0.000000E+00  0.000000E+00  0.000000E+00  0.417936E-04
  0.737936E+04  0.472368E-04  0.132344E-06  0.000000E+00  0.000000E+00  0.000000E+00  0.392116E-04
  0.762949E+04  0.443195E-04  0.115229E-06  0.000000E+00  0.000000E+00  0.000000E+00  0.367884E-04
  0.788809E+04  0.415823E-04  0.996958E-07  0.000000E+00  0.000000E+00  0.000000E+00  0.345149E-04
  0.815546E+04  0.390138E-04  0.872716E-07  0.000000E+00  0.000000E+00  0.000000E+00  0.323819E-04
  0.843190E+04  0.366035E-04  0.773080E-07  0.000000E+00  0.000000E+00  0.000000E+00  0.303806E-04
  0.871769E+04  0.343421E-04  0.681634E-07  0.000000E+00  0.000000E+00  0.000000E+00  0.285028E-04
  0.901318E+04  0.322201E-04  0.593977E-07  0.000000E+00  0.000000E+00  0.000000E+00  0.267409E-04
  0.931867E+04  0.302290E-04  0.517947E-07  0.000000E+00  0.000000E+00  0.000000E+00  0.250877E-04
  0.963454E+04  0.283607E-04  0.456597E-07  0.000000E+00  0.000000E+00  0.000000E+00  0.235366E-04
  0.996110E+04  0.266076E-04  0.403260E-07  0.000000E+00  0.000000E+00  0.000000E+00  0.220814E-04
  0.102987E+05  0.249628E-04  0.353484E-07  0.000000E+00  0.000000E+00  0.000000E+00  0.207159E-04
  0.106478E+05  0.234195E-04  0.309790E-07  0.000000E+00  0.000000E+00  0.000000E+00  0.194348E-04
  0.110087E+05  0.219714E-04  0.273213E-07  0.000000E+00  0.000000E+00  0.000000E+00  0.182327E-04
  0.113819E+05  0.206127E-04  0.240493E-07  0.000000E+00  0.000000E+00  0.000000E+00  0.171050E-04
  0.117676E+05  0.193379E-04  0.210608E-07  0.000000E+00  0.000000E+00  0.000000E+00  0.160469E-04
  0.121665E+05  0.181418E-04  0.184763E-07  0.000000E+00  0.000000E+00  0.000000E+00  0.150541E-04
  0.125789E+05  0.170195E-04  0.162157E-07  0.000000E+00  0.000000E+00  0.000000E+00  0.141226E-04
  0.130053E+05  0.159665E-04  0.141816E-07  0.000000E+00  0.000000E+00  0.000000E+00  0.132487E-04
  0.134461E+05  0.149786E-04  0.124204E-07  0.000000E+00  0.000000E+00  0.000000E+00  0.124288E-04
  0.139018E+05  0.140517E-04  0.108986E-07  0.000000E+00  0.000000E+00  0.000000E+00  0.116596E-04
  0.143730E+05  0.131821E-04  0.956132E-08  0.000000E+00  0.000000E+00  0.000000E+00  0.109379E-04
  0.148602E+05  0.123662E-04  0.840989E-08  0.000000E+00  0.000000E+00  0.000000E+00  0.102608E-04
  0.153639E+05  0.116007E-04  0.740208E-08  0.000000E+00  0.000000E+00  0.000000E+00  0.962554E-05
  0.158847E+05  0.108824E-04  0.650929E-08  0.000000E+00  0.000000E+00  0.000000E+00  0.902950E-05
  0.164231E+05  0.102087E-04  0.571889E-08  0.000000E+00  0.000000E+00  0.000000E+00  0.847038E-05
  0.169797E+05  0.957652E-05  0.501170E-08  0.000000E+00  0.000000E+00  0.000000E+00  0.794582E-05
  0.175553E+05  0.898346E-05  0.438629E-08  0.000000E+00  0.000000E+00  0.000000E+00  0.745369E-05
  0.181503E+05  0.842704E-05  0.383807E-08  0.000000E+00  0.000000E+00  0.000000E+00  0.699197E-05
  0.187655E+05  0.790505E-05  0.336496E-08  0.000000E+00  0.000000E+00  0.000000E+00  0.655883E-05
  0.194016E+05  0.741533E-05  0.295783E-08  0.000000E+00  0.000000E+00  0.000000E+00  0.615249E-05
  0.200592E+05  0.695592E-05  0.260467E-08  0.000000E+00  0.000000E+00  0.000000E+00  0.577128E-05
  0.207391E+05  0.652489E-05  0.229198E-08  0.000000E+00  0.000000E+00  0.000000E+00  0.541363E-05
  0.214421E+05  0.612055E-05  0.201078E-08  0.000000E+00  0.000000E+00  0.000000E+00  0.507814E-05
  0.221688E+05  0.574123E-05  0.175888E-08  0.000000E+00  0.000000E+00  0.000000E+00  0.476339E-05
  0.229203E+05  0.538535E-05  0.153806E-08  0.000000E+00  0.000000E+00  0.000000E+00  0.446811E-05
  0.236971E+05  0.505153E-05  0.134927E-08  0.000000E+00  0.000000E+00  0.000000E+00  0.419113E-05
  0.245004E+05  0.473836E-05  0.118814E-08  0.000000E+00  0.000000E+00  0.000000E+00  0.393128E-05
  0.253308E+05  0.444457E-05  0.104653E-08  0.000000E+00  0.000000E+00  0.000000E+00  0.368752E-05
  0.261894E+05  0.416895E-05  0.918070E-09  0.000000E+00  0.000000E+00  0.000000E+00  0.345884E-05
  0.270771E+05  0.391042E-05  0.802086E-09  0.000000E+00  0.000000E+00  0.000000E+00  0.324434E-05
  0.279949E+05  0.366789E-05  0.701796E-09  0.000000E+00  0.000000E+00  0.000000E+00  0.304311E-05
  0.289437E+05  0.344038E-05  0.617482E-09  0.000000E+00  0.000000E+00  0.000000E+00  0.285435E-05
  0.299248E+05  0.322695E-05  0.544395E-09  0.000000E+00  0.000000E+00  0.000000E+00  0.267727E-05
  0.309391E+05  0.302675E-05  0.477514E-09  0.000000E+00  0.000000E+00  0.000000E+00  0.251116E-05
