656  
0.101956E-04  0.117642E+06  0.117642E+06  0.156856E+06  0.156856E+06  0.000000E+00  0.117642E+06
  0.105412E-04  0.117642E+06  0.117642E+06  0.156856E+06  0.156856E+06  0.000000E+00  0.117642E+06
  0.108984E-04  0.117642E+06  0.117642E+06  0.156856E+06  0.156856E+06  0.000000E+00  0.117642E+06
  0.112678E-04  0.117642E+06  0.117642E+06  0.156856E+06  0.156856E+06  0.000000E+00  0.117642E+06
  0.116498E-04  0.117642E+06  0.117642E+06  0.156856E+06  0.156856E+06  0.000000E+00  0.117642E+06
  0.120446E-04  0.117642E+06  0.117642E+06  0.156856E+06  0.156856E+06  0.000000E+00  0.117642E+06
  0.124529E-04  0.117642E+06  0.117642E+06  0.156856E+06  0.156856E+06  0.000000E+00  0.117642E+06
  0.128750E-04  0.117642E+06  0.117642E+06  0.156856E+06  0.156856E+06  0.000000E+00  0.117642E+06
  0.133114E-04  0.117642E+06  0.117642E+06  0.156856E+06  0.156856E+06  0.000000E+00  0.117642E+06
  0.137626E-04  0.117642E+06  0.117642E+06  0.156856E+06  0.156856E+06  0.000000E+00  0.117642E+06
  0.142291E-04  0.117642E+06  0.117642E+06  0.156856E+06  0.156856E+06  0.000000E+00  0.117642E+06
  0.147114E-04  0.117642E+06  0.117642E+06  0.156856E+06  0.156856E+06  0.000000E+00  0.117642E+06
  0.152100E-04  0.117642E+06  0.117642E+06  0.156856E+06  0.156856E+06  0.000000E+00  0.117642E+06
  0.157255E-04  0.117642E+06  0.117642E+06  0.156856E+06  0.156856E+06  0.000000E+00  0.117642E+06
  0.162586E-04  0.117642E+06  0.117642E+06  0.156856E+06  0.156856E+06  0.000000E+00  0.117642E+06
  0.168097E-04  0.117642E+06  0.117642E+06  0.156856E+06  0.156856E+06  0.000000E+00  0.117642E+06
  0.173794E-04  0.117642E+06  0.117642E+06  0.156856E+06  0.156856E+06  0.000000E+00  0.117642E+06
  0.179685E-04  0.117642E+06  0.117642E+06  0.156856E+06  0.156856E+06  0.000000E+00  0.117642E+06
  0.185775E-04  0.117642E+06  0.117642E+06  0.156856E+06  0.156855E+06  0.000000E+00  0.117642E+06
  0.192072E-04  0.117642E+06  0.117642E+06  0.156856E+06  0.156855E+06  0.000000E+00  0.117642E+06
  0.198583E-04  0.117642E+06  0.117642E+06  0.156856E+06  0.156855E+06  0.000000E+00  0.117642E+06
  0.205314E-04  0.117642E+06  0.117642E+06  0.156855E+06  0.156855E+06  0.000000E+00  0.117642E+06
  0.212273E-04  0.117642E+06  0.117642E+06  0.156855E+06  0.156855E+06  0.000000E+00  0.117642E+06
  0.219468E-04  0.117642E+06  0.117642E+06  0.156855E+06  0.156855E+06  0.000000E+00  0.117642E+06
  0.226907E-04  0.117642E+06  0.117642E+06  0.156855E+06  0.156855E+06  0.000000E+00  0.117642E+06
  0.234598E-04  0.117642E+06  0.117642E+06  0.156855E+06  0.156855E+06  0.000000E+00  0.117642E+06
  0.242549E-04  0.117642E+06  0.117642E+06  0.156855E+06  0.156855E+06  0.000000E+00  0.117642E+06
  0.250771E-04  0.117642E+06  0.117642E+06  0.156855E+06  0.156854E+06  0.000000E+00  0.117642E+06
  0.259270E-04  0.117642E+06  0.117642E+06  0.156855E+06  0.156854E+06  0.000000E+00  0.117642E+06
  0.268058E-04  0.117642E+06  0.117642E+06  0.156855E+06  0.156854E+06  0.000000E+00  0.117642E+06
  0.277144E-04  0.117642E+06  0.117642E+06  0.156854E+06  0.156854E+06  0.000000E+00  0.117642E+06
  0.286538E-04  0.117642E+06  0.117642E+06  0.156854E+06  0.156854E+06  0.000000E+00  0.117642E+06
  0.296250E-04  0.117642E+06  0.117642E+06  0.156854E+06  0.156854E+06  0.000000E+00  0.117642E+06
  0.306292E-04  0.117642E+06  0.117642E+06  0.156854E+06  0.156853E+06  0.000000E+00  0.117642E+06
  0.316674E-04  0.117642E+06  0.117642E+06  0.156854E+06  0.156853E+06  0.000000E+00  0.117642E+06
  0.327407E-04  0.117642E+06  0.117642E+06  0.156854E+06  0.156853E+06  0.000000E+00  0.117642E+06
  0.338505E-04  0.117642E+06  0.117642E+06  0.156853E+06  0.156853E+06  0.000000E+00  0.117642E+06
  0.349979E-04  0.117642E+06  0.117642E+06  0.156853E+06  0.156852E+06  0.000000E+00  0.117642E+06
  0.361841E-04  0.117642E+06  0.117642E+06  0.156853E+06  0.156852E+06  0.000000E+00  0.117642E+06
  0.374106E-04  0.117642E+06  0.117642E+06  0.156853E+06  0.156852E+06  0.000000E+00  0.117642E+06
  0.386786E-04  0.117642E+06  0.117642E+06  0.156852E+06  0.156851E+06  0.000000E+00  0.117642E+06
  0.399896E-04  0.117642E+06  0.117642E+06  0.156852E+06  0.156851E+06  0.000000E+00  0.117642E+06
  0.413451E-04  0.117642E+06  0.117642E+06  0.156852E+06  0.156851E+06  0.000000E+00  0.117642E+06
  0.427465E-04  0.117642E+06  0.117642E+06  0.156851E+06  0.156850E+06  0.000000E+00  0.117642E+06
  0.441954E-04  0.117642E+06  0.117642E+06  0.156851E+06  0.156850E+06  0.000000E+00  0.117642E+06
  0.456934E-04  0.117642E+06  0.117642E+06  0.156851E+06  0.156849E+06  0.000000E+00  0.117642E+06
  0.472422E-04  0.117642E+06  0.117642E+06  0.156850E+06  0.156849E+06  0.000000E+00  0.117642E+06
  0.488434E-04  0.117642E+06  0.117642E+06  0.156850E+06  0.156848E+06  0.000000E+00  0.117642E+06
  0.504990E-04  0.117642E+06  0.117642E+06  0.156849E+06  0.156848E+06  0.000000E+00  0.117642E+06
  0.522107E-04  0.117642E+06  0.117642E+06  0.156849E+06  0.156847E+06  0.000000E+00  0.117642E+06
  0.539803E-04  0.117642E+06  0.117642E+06  0.156848E+06  0.156846E+06  0.000000E+00  0.117642E+06
  0.558100E-04  0.117642E+06  0.117642E+06  0.156848E+06  0.156846E+06  0.000000E+00  0.117642E+06
  0.577017E-04  0.117642E+06  0.117642E+06  0.156847E+06  0.156845E+06  0.000000E+00  0.117642E+06
  0.596575E-04  0.117642E+06  0.117642E+06  0.156846E+06  0.156844E+06  0.000000E+00  0.117642E+06
  0.616796E-04  0.117642E+06  0.117641E+06  0.156846E+06  0.156843E+06  0.000000E+00  0.117642E+06
  0.637702E-04  0.117642E+06  0.117641E+06  0.156845E+06  0.156842E+06  0.000000E+00  0.117642E+06
  0.659317E-04  0.117642E+06  0.117641E+06  0.156844E+06  0.156841E+06  0.000000E+00  0.117642E+06
  0.681665E-04  0.117642E+06  0.117641E+06  0.156843E+06  0.156840E+06  0.000000E+00  0.117642E+06
  0.704770E-04  0.117642E+06  0.117641E+06  0.156842E+06  0.156839E+06  0.000000E+00  0.117641E+06
  0.728658E-04  0.117641E+06  0.117641E+06  0.156841E+06  0.156838E+06  0.000000E+00  0.117641E+06
  0.753356E-04  0.117641E+06  0.117641E+06  0.156840E+06  0.156837E+06  0.000000E+00  0.117641E+06
  0.778891E-04  0.117641E+06  0.117641E+06  0.156839E+06  0.156835E+06  0.000000E+00  0.117641E+06
  0.805292E-04  0.117641E+06  0.117641E+06  0.156838E+06  0.156834E+06  0.000000E+00  0.117641E+06
  0.832588E-04  0.117641E+06  0.117641E+06  0.156837E+06  0.156832E+06  0.000000E+00  0.117641E+06
  0.860808E-04  0.117641E+06  0.117641E+06  0.156835E+06  0.156830E+06  0.000000E+00  0.117641E+06
  0.889986E-04  0.117641E+06  0.117640E+06  0.156834E+06  0.156829E+06  0.000000E+00  0.117641E+06
  0.920152E-04  0.117641E+06  0.117640E+06  0.156832E+06  0.156827E+06  0.000000E+00  0.117641E+06
  0.951340E-04  0.117641E+06  0.117640E+06  0.156831E+06  0.156825E+06  0.000000E+00  0.117641E+06
  0.983586E-04  0.117641E+06  0.117640E+06  0.156829E+06  0.156822E+06  0.000000E+00  0.117640E+06
  0.101692E-03  0.117640E+06  0.117640E+06  0.156827E+06  0.156820E+06  0.000000E+00  0.117640E+06
  0.105139E-03  0.117640E+06  0.117640E+06  0.156825E+06  0.156817E+06  0.000000E+00  0.117640E+06
  0.108703E-03  0.117640E+06  0.117639E+06  0.156823E+06  0.156815E+06  0.000000E+00  0.117640E+06
  0.112388E-03  0.117640E+06  0.117639E+06  0.156820E+06  0.156812E+06  0.000000E+00  0.117640E+06
  0.116197E-03  0.117640E+06  0.117639E+06  0.156818E+06  0.156809E+06  0.000000E+00  0.117640E+06
  0.120135E-03  0.117640E+06  0.117639E+06  0.156815E+06  0.156806E+06  0.000000E+00  0.117640E+06
  0.124207E-03  0.117640E+06  0.117638E+06  0.156812E+06  0.156802E+06  0.000000E+00  0.117639E+06
  0.128417E-03  0.117639E+06  0.117638E+06  0.156809E+06  0.156798E+06  0.000000E+00  0.117639E+06
  0.132770E-03  0.117639E+06  0.117638E+06  0.156806E+06  0.156794E+06  0.000000E+00  0.117639E+06
  0.137271E-03  0.117639E+06  0.117637E+06  0.156802E+06  0.156790E+06  0.000000E+00  0.117639E+06
  0.141923E-03  0.117639E+06  0.117637E+06  0.156799E+06  0.156785E+06  0.000000E+00  0.117638E+06
  0.146734E-03  0.117638E+06  0.117637E+06  0.156795E+06  0.156780E+06  0.000000E+00  0.117638E+06
  0.151707E-03  0.117638E+06  0.117636E+06  0.156790E+06  0.156775E+06  0.000000E+00  0.117638E+06
  0.156849E-03  0.117638E+06  0.117636E+06  0.156786E+06  0.156770E+06  0.000000E+00  0.117637E+06
  0.162166E-03  0.117637E+06  0.117636E+06  0.156781E+06  0.156763E+06  0.000000E+00  0.117637E+06
  0.167663E-03  0.117637E+06  0.117635E+06  0.156776E+06  0.156757E+06  0.000000E+00  0.117637E+06
  0.173345E-03  0.117637E+06  0.117635E+06  0.156770E+06  0.156750E+06  0.000000E+00  0.117636E+06
  0.179221E-03  0.117636E+06  0.117634E+06  0.156764E+06  0.156743E+06  0.000000E+00  0.117636E+06
  0.185296E-03  0.117636E+06  0.117633E+06  0.156758E+06  0.156735E+06  0.000000E+00  0.117635E+06
  0.191576E-03  0.117635E+06  0.117633E+06  0.156751E+06  0.156727E+06  0.000000E+00  0.117635E+06
  0.198070E-03  0.117635E+06  0.117632E+06  0.156743E+06  0.156718E+06  0.000000E+00  0.117634E+06
  0.204784E-03  0.117634E+06  0.117631E+06  0.156736E+06  0.156708E+06  0.000000E+00  0.117634E+06
  0.211725E-03  0.117634E+06  0.117631E+06  0.156727E+06  0.156698E+06  0.000000E+00  0.117633E+06
  0.218901E-03  0.117633E+06  0.117630E+06  0.156718E+06  0.156687E+06  0.000000E+00  0.117633E+06
  0.226321E-03  0.117633E+06  0.117629E+06  0.156709E+06  0.156675E+06  0.000000E+00  0.117632E+06
  0.233992E-03  0.117632E+06  0.117628E+06  0.156699E+06  0.156663E+06  0.000000E+00  0.117631E+06
  0.241923E-03  0.117631E+06  0.117627E+06  0.156688E+06  0.156649E+06  0.000000E+00  0.117630E+06
  0.250123E-03  0.117630E+06  0.117626E+06  0.156676E+06  0.156635E+06  0.000000E+00  0.117630E+06
  0.258601E-03  0.117630E+06  0.117625E+06  0.156664E+06  0.156620E+06  0.000000E+00  0.117629E+06
  0.267366E-03  0.117629E+06  0.117624E+06  0.156650E+06  0.156604E+06  0.000000E+00  0.117628E+06
  0.276429E-03  0.117628E+06  0.117622E+06  0.156636E+06  0.156586E+06  0.000000E+00  0.117627E+06
  0.285798E-03  0.117627E+06  0.117621E+06  0.156621E+06  0.156567E+06  0.000000E+00  0.117626E+06
  0.295486E-03  0.117626E+06  0.117619E+06  0.156605E+06  0.156548E+06  0.000000E+00  0.117625E+06
  0.305501E-03  0.117624E+06  0.117618E+06  0.156588E+06  0.156526E+06  0.000000E+00  0.117623E+06
  0.315856E-03  0.117623E+06  0.117616E+06  0.156569E+06  0.156504E+06  0.000000E+00  0.117622E+06
  0.326562E-03  0.117622E+06  0.117614E+06  0.156549E+06  0.156479E+06  0.000000E+00  0.117621E+06
  0.337631E-03  0.117620E+06  0.117612E+06  0.156528E+06  0.156453E+06  0.000000E+00  0.117619E+06
  0.349075E-03  0.117619E+06  0.117610E+06  0.156505E+06  0.156425E+06  0.000000E+00  0.117617E+06
  0.360907E-03  0.117617E+06  0.117608E+06  0.156481E+06  0.156396E+06  0.000000E+00  0.117616E+06
  0.373140E-03  0.117616E+06  0.117606E+06  0.156455E+06  0.156364E+06  0.000000E+00  0.117614E+06
  0.385788E-03  0.117614E+06  0.117603E+06  0.156428E+06  0.156330E+06  0.000000E+00  0.117612E+06
  0.398864E-03  0.117612E+06  0.117600E+06  0.156398E+06  0.156294E+06  0.000000E+00  0.117610E+06
  0.412383E-03  0.117610E+06  0.117597E+06  0.156367E+06  0.156255E+06  0.000000E+00  0.117608E+06
  0.426361E-03  0.117607E+06  0.117594E+06  0.156333E+06  0.156214E+06  0.000000E+00  0.117605E+06
  0.440813E-03  0.117605E+06  0.117591E+06  0.156297E+06  0.156169E+06  0.000000E+00  0.117603E+06
  0.455754E-03  0.117602E+06  0.117587E+06  0.156258E+06  0.156122E+06  0.000000E+00  0.117600E+06
  0.471202E-03  0.117600E+06  0.117584E+06  0.156217E+06  0.156072E+06  0.000000E+00  0.117597E+06
  0.487173E-03  0.117597E+06  0.117580E+06  0.156173E+06  0.156018E+06  0.000000E+00  0.117594E+06
  0.503686E-03  0.117593E+06  0.117575E+06  0.156126E+06  0.155960E+06  0.000000E+00  0.117590E+06
  0.520759E-03  0.117590E+06  0.117571E+06  0.156076E+06  0.155898E+06  0.000000E+00  0.117587E+06
  0.538410E-03  0.117586E+06  0.117566E+06  0.156022E+06  0.155832E+06  0.000000E+00  0.117583E+06
  0.556659E-03  0.117583E+06  0.117560E+06  0.155965E+06  0.155762E+06  0.000000E+00  0.117579E+06
  0.575527E-03  0.117578E+06  0.117555E+06  0.155903E+06  0.155687E+06  0.000000E+00  0.117574E+06
  0.595035E-03  0.117574E+06  0.117549E+06  0.155838E+06  0.155607E+06  0.000000E+00  0.117570E+06
  0.615204E-03  0.117569E+06  0.117542E+06  0.155768E+06  0.155521E+06  0.000000E+00  0.117565E+06
  0.636056E-03  0.117564E+06  0.117535E+06  0.155693E+06  0.155429E+06  0.000000E+00  0.117559E+06
  0.657615E-03  0.117559E+06  0.117528E+06  0.155613E+06  0.155331E+06  0.000000E+00  0.117554E+06
  0.679905E-03  0.117553E+06  0.117520E+06  0.155527E+06  0.155226E+06  0.000000E+00  0.117547E+06
  0.702951E-03  0.117547E+06  0.117512E+06  0.155436E+06  0.155114E+06  0.000000E+00  0.117541E+06
  0.726777E-03  0.117540E+06  0.117503E+06  0.155339E+06  0.154995E+06  0.000000E+00  0.117534E+06
  0.751412E-03  0.117533E+06  0.117493E+06  0.155234E+06  0.154867E+06  0.000000E+00  0.117526E+06
  0.776881E-03  0.117526E+06  0.117483E+06  0.155123E+06  0.154731E+06  0.000000E+00  0.117518E+06
  0.803213E-03  0.117518E+06  0.117472E+06  0.155004E+06  0.154585E+06  0.000000E+00  0.117510E+06
  0.830438E-03  0.117509E+06  0.117460E+06  0.154877E+06  0.154430E+06  0.000000E+00  0.117501E+06
  0.858586E-03  0.117500E+06  0.117447E+06  0.154741E+06  0.154264E+06  0.000000E+00  0.117491E+06
  0.887688E-03  0.117490E+06  0.117434E+06  0.154597E+06  0.154087E+06  0.000000E+00  0.117481E+06
  0.917776E-03  0.117480E+06  0.117420E+06  0.154442E+06  0.153897E+06  0.000000E+00  0.117470E+06
  0.948884E-03  0.117469E+06  0.117404E+06  0.154276E+06  0.153695E+06  0.000000E+00  0.117458E+06
  0.981047E-03  0.117457E+06  0.117388E+06  0.154100E+06  0.153479E+06  0.000000E+00  0.117445E+06
  0.101430E-02  0.117444E+06  0.117370E+06  0.153911E+06  0.153249E+06  0.000000E+00  0.117431E+06
  0.104868E-02  0.117430E+06  0.117352E+06  0.153710E+06  0.153003E+06  0.000000E+00  0.117417E+06
  0.108422E-02  0.117416E+06  0.117332E+06  0.153495E+06  0.152740E+06  0.000000E+00  0.117401E+06
  0.112097E-02  0.117400E+06  0.117310E+06  0.153266E+06  0.152460E+06  0.000000E+00  0.117385E+06
  0.115897E-02  0.117383E+06  0.117287E+06  0.153021E+06  0.152161E+06  0.000000E+00  0.117367E+06
  0.119825E-02  0.117366E+06  0.117263E+06  0.152759E+06  0.151842E+06  0.000000E+00  0.117348E+06
  0.123887E-02  0.117347E+06  0.117237E+06  0.152480E+06  0.151502E+06  0.000000E+00  0.117328E+06
  0.128086E-02  0.117326E+06  0.117209E+06  0.152182E+06  0.151139E+06  0.000000E+00  0.117306E+06
  0.132427E-02  0.117305E+06  0.117179E+06  0.151864E+06  0.150751E+06  0.000000E+00  0.117283E+06
  0.136916E-02  0.117281E+06  0.117148E+06  0.151525E+06  0.150338E+06  0.000000E+00  0.117259E+06
  0.141557E-02  0.117257E+06  0.117114E+06  0.151163E+06  0.149898E+06  0.000000E+00  0.117232E+06
  0.146355E-02  0.117230E+06  0.117077E+06  0.150777E+06  0.149428E+06  0.000000E+00  0.117204E+06
  0.151316E-02  0.117202E+06  0.117038E+06  0.150366E+06  0.148928E+06  0.000000E+00  0.117174E+06
  0.156445E-02  0.117172E+06  0.116997E+06  0.149927E+06  0.148395E+06  0.000000E+00  0.117142E+06
  0.161747E-02  0.117139E+06  0.116953E+06  0.149458E+06  0.147827E+06  0.000000E+00  0.117108E+06
  0.167230E-02  0.117105E+06  0.116906E+06  0.148959E+06  0.147222E+06  0.000000E+00  0.117071E+06
  0.172898E-02  0.117068E+06  0.116855E+06  0.148428E+06  0.146577E+06  0.000000E+00  0.117032E+06
  0.178758E-02  0.117029E+06  0.116801E+06  0.147861E+06  0.145891E+06  0.000000E+00  0.116990E+06
  0.184817E-02  0.116987E+06  0.116744E+06  0.147257E+06  0.145161E+06  0.000000E+00  0.116946E+06
  0.191082E-02  0.116942E+06  0.116682E+06  0.146614E+06  0.144384E+06  0.000000E+00  0.116898E+06
  0.197559E-02  0.116894E+06  0.116616E+06  0.145929E+06  0.143558E+06  0.000000E+00  0.116847E+06
  0.204255E-02  0.116843E+06  0.116546E+06  0.145200E+06  0.142680E+06  0.000000E+00  0.116793E+06
  0.211178E-02  0.116789E+06  0.116471E+06  0.144424E+06  0.141746E+06  0.000000E+00  0.116735E+06
  0.218336E-02  0.116731E+06  0.116392E+06  0.143599E+06  0.140754E+06  0.000000E+00  0.116673E+06
  0.225737E-02  0.116669E+06  0.116306E+06  0.142721E+06  0.139700E+06  0.000000E+00  0.116607E+06
  0.233388E-02  0.116603E+06  0.116215E+06  0.141787E+06  0.138581E+06  0.000000E+00  0.116537E+06
  0.241299E-02  0.116532E+06  0.116118E+06  0.140795E+06  0.137394E+06  0.000000E+00  0.116462E+06
  0.249477E-02  0.116457E+06  0.116014E+06  0.139741E+06  0.136136E+06  0.000000E+00  0.116381E+06
  0.257933E-02  0.116376E+06  0.115904E+06  0.138621E+06  0.134801E+06  0.000000E+00  0.116296E+06
  0.266676E-02  0.116291E+06  0.115786E+06  0.137433E+06  0.133388E+06  0.000000E+00  0.116205E+06
  0.275715E-02  0.116199E+06  0.115660E+06  0.136172E+06  0.131892E+06  0.000000E+00  0.116107E+06
  0.285060E-02  0.116102E+06  0.115525E+06  0.134835E+06  0.130310E+06  0.000000E+00  0.116004E+06
  0.294723E-02  0.115998E+06  0.115382E+06  0.133418E+06  0.128637E+06  0.000000E+00  0.115893E+06
  0.304712E-02  0.115887E+06  0.115229E+06  0.131918E+06  0.126870E+06  0.000000E+00  0.115775E+06
  0.315041E-02  0.115769E+06  0.115066E+06  0.130329E+06  0.125005E+06  0.000000E+00  0.115649E+06
  0.325719E-02  0.115644E+06  0.114893E+06  0.128649E+06  0.123039E+06  0.000000E+00  0.115516E+06
  0.336759E-02  0.115510E+06  0.114708E+06  0.126874E+06  0.120968E+06  0.000000E+00  0.115373E+06
  0.348174E-02  0.115367E+06  0.114510E+06  0.124998E+06  0.118789E+06  0.000000E+00  0.115221E+06
  0.359975E-02  0.115215E+06  0.114300E+06  0.123020E+06  0.116498E+06  0.000000E+00  0.115059E+06
  0.372177E-02  0.115054E+06  0.114076E+06  0.120934E+06  0.114093E+06  0.000000E+00  0.114887E+06
  0.384792E-02  0.114882E+06  0.113838E+06  0.118737E+06  0.111572E+06  0.000000E+00  0.114704E+06
  0.397834E-02  0.114699E+06  0.113584E+06  0.116425E+06  0.108931E+06  0.000000E+00  0.114509E+06
  0.411319E-02  0.114505E+06  0.113315E+06  0.113997E+06  0.106171E+06  0.000000E+00  0.114302E+06
  0.425260E-02  0.114298E+06  0.113027E+06  0.111447E+06  0.103290E+06  0.000000E+00  0.114082E+06
  0.439675E-02  0.114078E+06  0.112722E+06  0.108776E+06  0.100288E+06  0.000000E+00  0.113847E+06
  0.454577E-02  0.113845E+06  0.112397E+06  0.105979E+06  0.971662E+05  0.000000E+00  0.113598E+06
  0.469985E-02  0.113598E+06  0.112052E+06  0.103057E+06  0.939255E+05  0.000000E+00  0.113334E+06
  0.485916E-02  0.113335E+06  0.111685E+06  0.100008E+06  0.905691E+05  0.000000E+00  0.113054E+06
  0.502386E-02  0.113056E+06  0.111295E+06  0.968321E+05  0.871009E+05  0.000000E+00  0.112756E+06
  0.519414E-02  0.112760E+06  0.110881E+06  0.935313E+05  0.835262E+05  0.000000E+00  0.112440E+06
  0.537020E-02  0.112447E+06  0.110442E+06  0.901074E+05  0.798517E+05  0.000000E+00  0.112106E+06
  0.555222E-02  0.112116E+06  0.109976E+06  0.865638E+05  0.760857E+05  0.000000E+00  0.111751E+06
  0.574042E-02  0.111765E+06  0.109482E+06  0.829052E+05  0.722384E+05  0.000000E+00  0.111376E+06
  0.593499E-02  0.111393E+06  0.108959E+06  0.791378E+05  0.683213E+05  0.000000E+00  0.110978E+06
  0.613615E-02  0.111001E+06  0.108405E+06  0.752694E+05  0.643481E+05  0.000000E+00  0.110558E+06
  0.634414E-02  0.110586E+06  0.107818E+06  0.713096E+05  0.603345E+05  0.000000E+00  0.110114E+06
  0.655917E-02  0.110148E+06  0.107198E+06  0.672699E+05  0.562977E+05  0.000000E+00  0.109645E+06
  0.678150E-02  0.109686E+06  0.106541E+06  0.631637E+05  0.522573E+05  0.000000E+00  0.109151E+06
  0.701136E-02  0.109200E+06  0.105848E+06  0.590068E+05  0.482344E+05  0.000000E+00  0.108629E+06
  0.724901E-02  0.108687E+06  0.105116E+06  0.548167E+05  0.442518E+05  0.000000E+00  0.108079E+06
  0.749471E-02  0.108148E+06  0.104344E+06  0.506134E+05  0.403339E+05  0.000000E+00  0.107500E+06
  0.774875E-02  0.107582E+06  0.103530E+06  0.464191E+05  0.365061E+05  0.000000E+00  0.106891E+06
  0.801139E-02  0.106986E+06  0.102673E+06  0.422578E+05  0.327947E+05  0.000000E+00  0.106252E+06
  0.828294E-02  0.106362E+06  0.101771E+06  0.381559E+05  0.292263E+05  0.000000E+00  0.105580E+06
  0.856369E-02  0.105708E+06  0.100822E+06  0.341409E+05  0.258269E+05  0.000000E+00  0.104876E+06
  0.885396E-02  0.105023E+06  0.998255E+05  0.302422E+05  0.226219E+05  0.000000E+00  0.104138E+06
  0.915407E-02  0.104307E+06  0.987795E+05  0.264899E+05  0.196349E+05  0.000000E+00  0.103365E+06
  0.946434E-02  0.103559E+06  0.976828E+05  0.229146E+05  0.168868E+05  0.000000E+00  0.102558E+06
  0.978514E-02  0.102779E+06  0.965340E+05  0.195465E+05  0.143948E+05  0.000000E+00  0.101715E+06
  0.101168E-01  0.101967E+06  0.953321E+05  0.164149E+05  0.121722E+05  0.000000E+00  0.100836E+06
  0.104597E-01  0.101121E+06  0.940758E+05  0.135470E+05  0.102266E+05  0.000000E+00  0.999209E+05
  0.108143E-01  0.100243E+06  0.927643E+05  0.109671E+05  0.855979E+04  0.000000E+00  0.989685E+05
  0.111808E-01  0.993306E+05  0.913966E+05  0.869556E+04  0.716665E+04  0.000000E+00  0.979789E+05
  0.115598E-01  0.983855E+05  0.899720E+05  0.674751E+04  0.603503E+04  0.000000E+00  0.969521E+05
  0.119516E-01  0.974072E+05  0.884899E+05  0.513181E+04  0.514559E+04  0.000000E+00  0.958879E+05
  0.123567E-01  0.963959E+05  0.869499E+05  0.385002E+04  0.447201E+04  0.000000E+00  0.947866E+05
  0.127755E-01  0.953518E+05  0.853518E+05  0.289548E+04  0.398183E+04  0.000000E+00  0.936481E+05
  0.132086E-01  0.942753E+05  0.836954E+05  0.225261E+04  0.363769E+04  0.000000E+00  0.924728E+05
  0.136563E-01  0.931668E+05  0.819808E+05  0.189663E+04  0.339912E+04  0.000000E+00  0.912611E+05
  0.141191E-01  0.920267E+05  0.802083E+05  0.179359E+04  0.322483E+04  0.000000E+00  0.900132E+05
  0.145977E-01  0.908555E+05  0.783784E+05  0.190105E+04  0.307539E+04  0.000000E+00  0.887298E+05
  0.150925E-01  0.896538E+05  0.764918E+05  0.216928E+04  0.291613E+04  0.000000E+00  0.874113E+05
  0.156041E-01  0.884219E+05  0.745495E+05  0.254321E+04  0.272009E+04  0.000000E+00  0.860585E+05
  0.161330E-01  0.871606E+05  0.725528E+05  0.296497E+04  0.247052E+04  0.000000E+00  0.846719E+05
  0.166798E-01  0.858704E+05  0.705031E+05  0.337713E+04  0.216282E+04  0.000000E+00  0.832523E+05
  0.172452E-01  0.845519E+05  0.684023E+05  0.372631E+04  0.180530E+04  0.000000E+00  0.818005E+05
  0.178297E-01  0.832057E+05  0.662527E+05  0.396709E+04  0.141859E+04  0.000000E+00  0.803174E+05
  0.184340E-01  0.818323E+05  0.640570E+05  0.406579E+04  0.103335E+04  0.000000E+00  0.788039E+05
  0.190588E-01  0.804325E+05  0.618183E+05  0.400375E+04  0.686303E+03  0.000000E+00  0.772612E+05
  0.197048E-01  0.790070E+05  0.595405E+05  0.377957E+04  0.414859E+03  0.000000E+00  0.756905E+05
  0.203727E-01  0.775565E+05  0.572277E+05  0.340991E+04  0.250785E+03  0.000000E+00  0.740931E+05
  0.210633E-01  0.760820E+05  0.548852E+05  0.292839E+04  0.213934E+03  0.000000E+00  0.724707E+05
  0.217772E-01  0.745846E+05  0.525186E+05  0.238228E+04  0.307123E+03  0.000000E+00  0.708252E+05
  0.225154E-01  0.730653E+05  0.501347E+05  0.182714E+04  0.513422E+03  0.000000E+00  0.691586E+05
  0.232785E-01  0.715257E+05  0.477409E+05  0.131960E+04  0.796951E+03  0.000000E+00  0.674735E+05
  0.240676E-01  0.699662E+05  0.453448E+05  0.000000E+00  0.000000E+00  0.000000E+00  0.657715E+05
  0.248833E-01  0.683901E+05  0.429568E+05  0.000000E+00  0.000000E+00  0.000000E+00  0.640570E+05
  0.257268E-01  0.667999E+05  0.405880E+05  0.000000E+00  0.000000E+00  0.000000E+00  0.623342E+05
  0.265988E-01  0.651979E+05  0.382496E+05  0.000000E+00  0.000000E+00  0.000000E+00  0.606068E+05
  0.275003E-01  0.635866E+05  0.359538E+05  0.000000E+00  0.000000E+00  0.000000E+00  0.588788E+05
  0.284325E-01  0.619687E+05  0.337134E+05  0.000000E+00  0.000000E+00  0.000000E+00  0.571548E+05
  0.293962E-01  0.603470E+05  0.315420E+05  0.000000E+00  0.000000E+00  0.000000E+00  0.554395E+05
  0.303926E-01  0.587248E+05  0.294540E+05  0.000000E+00  0.000000E+00  0.000000E+00  0.537379E+05
  0.314227E-01  0.571055E+05  0.274640E+05  0.000000E+00  0.000000E+00  0.000000E+00  0.520554E+05
  0.324878E-01  0.554885E+05  0.255824E+05  0.000000E+00  0.000000E+00  0.000000E+00  0.503934E+05
  0.335890E-01  0.541507E+05  0.240884E+05  0.000000E+00  0.000000E+00  0.000000E+00  0.490290E+05
  0.347275E-01  0.525558E+05  0.224717E+05  0.000000E+00  0.000000E+00  0.000000E+00  0.474304E+05
  0.359046E-01  0.509785E+05  0.210090E+05  0.000000E+00  0.000000E+00  0.000000E+00  0.458726E+05
  0.371216E-01  0.494229E+05  0.197125E+05  0.000000E+00  0.000000E+00  0.000000E+00  0.443612E+05
  0.383798E-01  0.478937E+05  0.185927E+05  0.000000E+00  0.000000E+00  0.000000E+00  0.429017E+05
  0.396807E-01  0.463947E+05  0.176573E+05  0.000000E+00  0.000000E+00  0.000000E+00  0.414987E+05
  0.410257E-01  0.449297E+05  0.169108E+05  0.000000E+00  0.000000E+00  0.000000E+00  0.401561E+05
  0.424162E-01  0.433446E+05  0.162009E+05  0.000000E+00  0.000000E+00  0.000000E+00  0.387201E+05
  0.438539E-01  0.419515E+05  0.158259E+05  0.000000E+00  0.000000E+00  0.000000E+00  0.375004E+05
  0.453404E-01  0.405984E+05  0.156267E+05  0.000000E+00  0.000000E+00  0.000000E+00  0.363440E+05
  0.468772E-01  0.392865E+05  0.155895E+05  0.000000E+00  0.000000E+00  0.000000E+00  0.352492E+05
  0.484661E-01  0.380166E+05  0.156950E+05  0.000000E+00  0.000000E+00  0.000000E+00  0.342137E+05
  0.501089E-01  0.367901E+05  0.159203E+05  0.000000E+00  0.000000E+00  0.000000E+00  0.332345E+05
  0.518073E-01  0.356928E+05  0.163190E+05  0.000000E+00  0.000000E+00  0.000000E+00  0.323921E+05
  0.535634E-01  0.345537E+05  0.166918E+05  0.000000E+00  0.000000E+00  0.000000E+00  0.315106E+05
  0.553789E-01  0.334566E+05  0.170837E+05  0.000000E+00  0.000000E+00  0.000000E+00  0.306672E+05
  0.572560E-01  0.323983E+05  0.174531E+05  0.000000E+00  0.000000E+00  0.000000E+00  0.298521E+05
  0.591966E-01  0.313736E+05  0.177558E+05  0.000000E+00  0.000000E+00  0.000000E+00  0.290535E+05
  0.612031E-01  0.303153E+05  0.178892E+05  0.000000E+00  0.000000E+00  0.000000E+00  0.281983E+05
  0.632776E-01  0.293364E+05  0.179290E+05  0.000000E+00  0.000000E+00  0.000000E+00  0.273929E+05
  0.654224E-01  0.283730E+05  0.177857E+05  0.000000E+00  0.000000E+00  0.000000E+00  0.265693E+05
  0.676399E-01  0.274217E+05  0.174369E+05  0.000000E+00  0.000000E+00  0.000000E+00  0.257206E+05
  0.699326E-01  0.264797E+05  0.168724E+05  0.000000E+00  0.000000E+00  0.000000E+00  0.248429E+05
  0.723029E-01  0.255732E+05  0.161229E+05  0.000000E+00  0.000000E+00  0.000000E+00  0.239631E+05
  0.747537E-01  0.246481E+05  0.151568E+05  0.000000E+00  0.000000E+00  0.000000E+00  0.230310E+05
  0.772874E-01  0.237244E+05  0.140282E+05  0.000000E+00  0.000000E+00  0.000000E+00  0.220725E+05
  0.799071E-01  0.228021E+05  0.127856E+05  0.000000E+00  0.000000E+00  0.000000E+00  0.210956E+05
  0.826156E-01  0.218853E+05  0.114939E+05  0.000000E+00  0.000000E+00  0.000000E+00  0.201149E+05
  0.854158E-01  0.209822E+05  0.102289E+05  0.000000E+00  0.000000E+00  0.000000E+00  0.191501E+05
  0.883110E-01  0.201024E+05  0.906968E+04  0.000000E+00  0.000000E+00  0.000000E+00  0.182227E+05
  0.913043E-01  0.192546E+05  0.808885E+04  0.000000E+00  0.000000E+00  0.000000E+00  0.173523E+05
  0.943991E-01  0.184453E+05  0.734352E+04  0.000000E+00  0.000000E+00  0.000000E+00  0.165539E+05
  0.975987E-01  0.176784E+05  0.686774E+04  0.000000E+00  0.000000E+00  0.000000E+00  0.158366E+05
  0.100907E+00  0.169559E+05  0.666698E+04  0.000000E+00  0.000000E+00  0.000000E+00  0.152029E+05
  0.104327E+00  0.162786E+05  0.671553E+04  0.000000E+00  0.000000E+00  0.000000E+00  0.146493E+05
  0.107863E+00  0.156461E+05  0.695694E+04  0.000000E+00  0.000000E+00  0.000000E+00  0.141657E+05
  0.111519E+00  0.150545E+05  0.730688E+04  0.000000E+00  0.000000E+00  0.000000E+00  0.137345E+05
  0.115299E+00  0.144945E+05  0.766116E+04  0.000000E+00  0.000000E+00  0.000000E+00  0.133303E+05
  0.119207E+00  0.139533E+05  0.791207E+04  0.000000E+00  0.000000E+00  0.000000E+00  0.129240E+05
  0.123248E+00  0.134200E+05  0.797028E+04  0.000000E+00  0.000000E+00  0.000000E+00  0.124916E+05
  0.127425E+00  0.128881E+05  0.778305E+04  0.000000E+00  0.000000E+00  0.000000E+00  0.120184E+05
  0.131745E+00  0.123534E+05  0.734445E+04  0.000000E+00  0.000000E+00  0.000000E+00  0.115000E+05
  0.136210E+00  0.118150E+05  0.669970E+04  0.000000E+00  0.000000E+00  0.000000E+00  0.109435E+05
  0.140827E+00  0.112769E+05  0.594059E+04  0.000000E+00  0.000000E+00  0.000000E+00  0.103677E+05
  0.145600E+00  0.107478E+05  0.518783E+04  0.000000E+00  0.000000E+00  0.000000E+00  0.980051E+04
  0.150535E+00  0.102402E+05  0.456422E+04  0.000000E+00  0.000000E+00  0.000000E+00  0.927314E+04
  0.155638E+00  0.976588E+04  0.416157E+04  0.000000E+00  0.000000E+00  0.000000E+00  0.881107E+04
  0.160913E+00  0.933093E+04  0.401184E+04  0.000000E+00  0.000000E+00  0.000000E+00  0.842472E+04
  0.166367E+00  0.893426E+04  0.407601E+04  0.000000E+00  0.000000E+00  0.000000E+00  0.810656E+04
  0.172006E+00  0.856794E+04  0.425334E+04  0.000000E+00  0.000000E+00  0.000000E+00  0.783286E+04
  0.177837E+00  0.822005E+04  0.441282E+04  0.000000E+00  0.000000E+00  0.000000E+00  0.757141E+04
  0.183864E+00  0.787906E+04  0.443790E+04  0.000000E+00  0.000000E+00  0.000000E+00  0.729279E+04
  0.190096E+00  0.753515E+04  0.426662E+04  0.000000E+00  0.000000E+00  0.000000E+00  0.697829E+04
  0.196540E+00  0.718592E+04  0.391808E+04  0.000000E+00  0.000000E+00  0.000000E+00  0.662917E+04
  0.203202E+00  0.683802E+04  0.348604E+04  0.000000E+00  0.000000E+00  0.000000E+00  0.626694E+04
  0.210089E+00  0.650200E+04  0.309580E+04  0.000000E+00  0.000000E+00  0.000000E+00  0.592169E+04
  0.217210E+00  0.618811E+04  0.284749E+04  0.000000E+00  0.000000E+00  0.000000E+00  0.561897E+04
  0.224572E+00  0.590339E+04  0.277034E+04  0.000000E+00  0.000000E+00  0.000000E+00  0.536961E+04
  0.232184E+00  0.564327E+04  0.280476E+04  0.000000E+00  0.000000E+00  0.000000E+00  0.515967E+04
  0.240054E+00  0.539728E+04  0.284085E+04  0.000000E+00  0.000000E+00  0.000000E+00  0.496174E+04
  0.248191E+00  0.515526E+04  0.278347E+04  0.000000E+00  0.000000E+00  0.000000E+00  0.475118E+04
  0.256603E+00  0.491176E+04  0.260721E+04  0.000000E+00  0.000000E+00  0.000000E+00  0.451913E+04
  0.265301E+00  0.466982E+04  0.236870E+04  0.000000E+00  0.000000E+00  0.000000E+00  0.427777E+04
  0.274293E+00  0.443790E+04  0.216208E+04  0.000000E+00  0.000000E+00  0.000000E+00  0.405017E+04
  0.283590E+00  0.422327E+04  0.204892E+04  0.000000E+00  0.000000E+00  0.000000E+00  0.385282E+04
  0.293203E+00  0.402660E+04  0.201543E+04  0.000000E+00  0.000000E+00  0.000000E+00  0.368395E+04
  0.303141E+00  0.384090E+04  0.199036E+04  0.000000E+00  0.000000E+00  0.000000E+00  0.352563E+04
  0.313416E+00  0.365909E+04  0.191219E+04  0.000000E+00  0.000000E+00  0.000000E+00  0.336147E+04
  0.324039E+00  0.347927E+04  0.178097E+04  0.000000E+00  0.000000E+00  0.000000E+00  0.318993E+04
  0.335023E+00  0.330548E+04  0.164926E+04  0.000000E+00  0.000000E+00  0.000000E+00  0.302331E+04
  0.346378E+00  0.314276E+04  0.156297E+04  0.000000E+00  0.000000E+00  0.000000E+00  0.287361E+04
  0.358119E+00  0.299152E+04  0.151550E+04  0.000000E+00  0.000000E+00  0.000000E+00  0.274005E+04
  0.370257E+00  0.284736E+04  0.146400E+04  0.000000E+00  0.000000E+00  0.000000E+00  0.261168E+04
  0.382807E+00  0.270698E+04  0.138487E+04  0.000000E+00  0.000000E+00  0.000000E+00  0.248173E+04
  0.395783E+00  0.257121E+04  0.129706E+04  0.000000E+00  0.000000E+00  0.000000E+00  0.235413E+04
  0.409198E+00  0.244288E+04  0.122903E+04  0.000000E+00  0.000000E+00  0.000000E+00  0.223607E+04
  0.423068E+00  0.232232E+04  0.117951E+04  0.000000E+00  0.000000E+00  0.000000E+00  0.212762E+04
  0.437407E+00  0.220717E+04  0.112658E+04  0.000000E+00  0.000000E+00  0.000000E+00  0.202307E+04
  0.452233E+00  0.209618E+04  0.106418E+04  0.000000E+00  0.000000E+00  0.000000E+00  0.192036E+04
  0.467562E+00  0.199028E+04  0.100614E+04  0.000000E+00  0.000000E+00  0.000000E+00  0.182261E+04
  0.483410E+00  0.189020E+04  0.958811E+03  0.000000E+00  0.000000E+00  0.000000E+00  0.173152E+04
  0.499795E+00  0.179499E+04  0.913116E+03  0.000000E+00  0.000000E+00  0.000000E+00  0.164474E+04
  0.516736E+00  0.170383E+04  0.864730E+03  0.000000E+00  0.000000E+00  0.000000E+00  0.156087E+04
  0.534250E+00  0.161702E+04  0.819580E+03  0.000000E+00  0.000000E+00  0.000000E+00  0.148116E+04
  0.552359E+00  0.153470E+04  0.779277E+03  0.000000E+00  0.000000E+00  0.000000E+00  0.140599E+04
  0.571081E+00  0.145626E+04  0.739650E+03  0.000000E+00  0.000000E+00  0.000000E+00  0.133417E+04
  0.590438E+00  0.138150E+04  0.700922E+03  0.000000E+00  0.000000E+00  0.000000E+00  0.126555E+04
  0.610451E+00  0.131048E+04  0.665182E+03  0.000000E+00  0.000000E+00  0.000000E+00  0.120054E+04
  0.631142E+00  0.124296E+04  0.631163E+03  0.000000E+00  0.000000E+00  0.000000E+00  0.113872E+04
  0.652535E+00  0.117869E+04  0.598292E+03  0.000000E+00  0.000000E+00  0.000000E+00  0.107981E+04
  0.674653E+00  0.111762E+04  0.567379E+03  0.000000E+00  0.000000E+00  0.000000E+00  0.102387E+04
  0.697520E+00  0.105957E+04  0.537992E+03  0.000000E+00  0.000000E+00  0.000000E+00  0.970712E+03
  0.721163E+00  0.100439E+04  0.509918E+03  0.000000E+00  0.000000E+00  0.000000E+00  0.920150E+03
  0.745607E+00  0.951972E+03  0.483356E+03  0.000000E+00  0.000000E+00  0.000000E+00  0.872134E+03
  0.770879E+00  0.902156E+03  0.458067E+03  0.000000E+00  0.000000E+00  0.000000E+00  0.826496E+03
  0.797008E+00  0.854835E+03  0.434043E+03  0.000000E+00  0.000000E+00  0.000000E+00  0.783144E+03
  0.824022E+00  0.809898E+03  0.411248E+03  0.000000E+00  0.000000E+00  0.000000E+00  0.741980E+03
  0.851953E+00  0.767224E+03  0.389581E+03  0.000000E+00  0.000000E+00  0.000000E+00  0.702885E+03
  0.880830E+00  0.726717E+03  0.369026E+03  0.000000E+00  0.000000E+00  0.000000E+00  0.665777E+03
  0.910686E+00  0.688264E+03  0.349507E+03  0.000000E+00  0.000000E+00  0.000000E+00  0.630550E+03
  0.941553E+00  0.651775E+03  0.330986E+03  0.000000E+00  0.000000E+00  0.000000E+00  0.597122E+03
  0.973468E+00  0.617145E+03  0.313406E+03  0.000000E+00  0.000000E+00  0.000000E+00  0.565397E+03
  0.100646E+01  0.584287E+03  0.296727E+03  0.000000E+00  0.000000E+00  0.000000E+00  0.535295E+03
  0.104058E+01  0.553112E+03  0.280900E+03  0.000000E+00  0.000000E+00  0.000000E+00  0.506735E+03
  0.107585E+01  0.523542E+03  0.265889E+03  0.000000E+00  0.000000E+00  0.000000E+00  0.479646E+03
  0.111231E+01  0.495499E+03  0.251652E+03  0.000000E+00  0.000000E+00  0.000000E+00  0.453954E+03
  0.115002E+01  0.468908E+03  0.238152E+03  0.000000E+00  0.000000E+00  0.000000E+00  0.429594E+03
  0.118900E+01  0.443698E+03  0.225353E+03  0.000000E+00  0.000000E+00  0.000000E+00  0.406499E+03
  0.122930E+01  0.419798E+03  0.213217E+03  0.000000E+00  0.000000E+00  0.000000E+00  0.384603E+03
  0.127096E+01  0.397145E+03  0.201714E+03  0.000000E+00  0.000000E+00  0.000000E+00  0.363849E+03
  0.131404E+01  0.375676E+03  0.190814E+03  0.000000E+00  0.000000E+00  0.000000E+00  0.344181E+03
  0.135858E+01  0.355333E+03  0.180484E+03  0.000000E+00  0.000000E+00  0.000000E+00  0.325544E+03
  0.140463E+01  0.336059E+03  0.170697E+03  0.000000E+00  0.000000E+00  0.000000E+00  0.307886E+03
  0.145224E+01  0.317798E+03  0.161424E+03  0.000000E+00  0.000000E+00  0.000000E+00  0.291157E+03
  0.150147E+01  0.300498E+03  0.152639E+03  0.000000E+00  0.000000E+00  0.000000E+00  0.275307E+03
  0.155236E+01  0.284114E+03  0.144319E+03  0.000000E+00  0.000000E+00  0.000000E+00  0.260297E+03
  0.160498E+01  0.268599E+03  0.136440E+03  0.000000E+00  0.000000E+00  0.000000E+00  0.246083E+03
  0.165938E+01  0.253908E+03  0.128979E+03  0.000000E+00  0.000000E+00  0.000000E+00  0.232624E+03
  0.171562E+01  0.239999E+03  0.121915E+03  0.000000E+00  0.000000E+00  0.000000E+00  0.219881E+03
  0.177377E+01  0.226832E+03  0.115228E+03  0.000000E+00  0.000000E+00  0.000000E+00  0.207818E+03
  0.183390E+01  0.214370E+03  0.108899E+03  0.000000E+00  0.000000E+00  0.000000E+00  0.196401E+03
  0.189606E+01  0.202573E+03  0.102908E+03  0.000000E+00  0.000000E+00  0.000000E+00  0.185593E+03
  0.196032E+01  0.191409E+03  0.972377E+02  0.000000E+00  0.000000E+00  0.000000E+00  0.175365E+03
  0.202677E+01  0.180845E+03  0.918721E+02  0.000000E+00  0.000000E+00  0.000000E+00  0.165687E+03
  0.209547E+01  0.170850E+03  0.867955E+02  0.000000E+00  0.000000E+00  0.000000E+00  0.156530E+03
  0.216649E+01  0.161394E+03  0.819925E+02  0.000000E+00  0.000000E+00  0.000000E+00  0.147866E+03
  0.223993E+01  0.152450E+03  0.774496E+02  0.000000E+00  0.000000E+00  0.000000E+00  0.139672E+03
  0.231585E+01  0.143990E+03  0.731524E+02  0.000000E+00  0.000000E+00  0.000000E+00  0.131921E+03
  0.239434E+01  0.135989E+03  0.690882E+02  0.000000E+00  0.000000E+00  0.000000E+00  0.124591E+03
  0.247550E+01  0.128422E+03  0.652446E+02  0.000000E+00  0.000000E+00  0.000000E+00  0.117658E+03
  0.255941E+01  0.121267E+03  0.616101E+02  0.000000E+00  0.000000E+00  0.000000E+00  0.111103E+03
  0.264616E+01  0.114501E+03  0.581735E+02  0.000000E+00  0.000000E+00  0.000000E+00  0.104905E+03
  0.273585E+01  0.108106E+03  0.549245E+02  0.000000E+00  0.000000E+00  0.000000E+00  0.990451E+02
  0.282858E+01  0.102060E+03  0.518534E+02  0.000000E+00  0.000000E+00  0.000000E+00  0.935063E+02
  0.292446E+01  0.963456E+02  0.489506E+02  0.000000E+00  0.000000E+00  0.000000E+00  0.882709E+02
  0.302358E+01  0.909444E+02  0.462068E+02  0.000000E+00  0.000000E+00  0.000000E+00  0.833224E+02
  0.312607E+01  0.858399E+02  0.436137E+02  0.000000E+00  0.000000E+00  0.000000E+00  0.786458E+02
  0.323203E+01  0.810162E+02  0.411632E+02  0.000000E+00  0.000000E+00  0.000000E+00  0.742264E+02
  0.334158E+01  0.764583E+02  0.388477E+02  0.000000E+00  0.000000E+00  0.000000E+00  0.700505E+02
  0.345484E+01  0.721522E+02  0.366601E+02  0.000000E+00  0.000000E+00  0.000000E+00  0.661054E+02
  0.357194E+01  0.680842E+02  0.345934E+02  0.000000E+00  0.000000E+00  0.000000E+00  0.623784E+02
  0.369301E+01  0.642414E+02  0.326411E+02  0.000000E+00  0.000000E+00  0.000000E+00  0.588576E+02
  0.381819E+01  0.606112E+02  0.307969E+02  0.000000E+00  0.000000E+00  0.000000E+00  0.555317E+02
  0.394761E+01  0.571826E+02  0.290550E+02  0.000000E+00  0.000000E+00  0.000000E+00  0.523904E+02
  0.408141E+01  0.539444E+02  0.274098E+02  0.000000E+00  0.000000E+00  0.000000E+00  0.494237E+02
  0.421975E+01  0.508867E+02  0.258563E+02  0.000000E+00  0.000000E+00  0.000000E+00  0.466223E+02
  0.436278E+01  0.479994E+02  0.243894E+02  0.000000E+00  0.000000E+00  0.000000E+00  0.439769E+02
  0.451066E+01  0.452730E+02  0.230042E+02  0.000000E+00  0.000000E+00  0.000000E+00  0.414790E+02
  0.466355E+01  0.426989E+02  0.216963E+02  0.000000E+00  0.000000E+00  0.000000E+00  0.391207E+02
  0.482162E+01  0.402687E+02  0.204616E+02  0.000000E+00  0.000000E+00  0.000000E+00  0.368941E+02
  0.498505E+01  0.379747E+02  0.192961E+02  0.000000E+00  0.000000E+00  0.000000E+00  0.347924E+02
  0.515402E+01  0.358094E+02  0.181959E+02  0.000000E+00  0.000000E+00  0.000000E+00  0.328086E+02
  0.532871E+01  0.337656E+02  0.171575E+02  0.000000E+00  0.000000E+00  0.000000E+00  0.309361E+02
  0.550933E+01  0.318365E+02  0.161773E+02  0.000000E+00  0.000000E+00  0.000000E+00  0.291687E+02
  0.569607E+01  0.300161E+02  0.152523E+02  0.000000E+00  0.000000E+00  0.000000E+00  0.275008E+02
  0.588914E+01  0.282982E+02  0.143795E+02  0.000000E+00  0.000000E+00  0.000000E+00  0.259269E+02
  0.608875E+01  0.266772E+02  0.135558E+02  0.000000E+00  0.000000E+00  0.000000E+00  0.244417E+02
  0.629513E+01  0.251476E+02  0.127786E+02  0.000000E+00  0.000000E+00  0.000000E+00  0.230403E+02
  0.650850E+01  0.237045E+02  0.120454E+02  0.000000E+00  0.000000E+00  0.000000E+00  0.217182E+02
  0.672911E+01  0.223431E+02  0.113536E+02  0.000000E+00  0.000000E+00  0.000000E+00  0.204708E+02
  0.695719E+01  0.210589E+02  0.107010E+02  0.000000E+00  0.000000E+00  0.000000E+00  0.192942E+02
  0.719301E+01  0.198473E+02  0.100854E+02  0.000000E+00  0.000000E+00  0.000000E+00  0.181842E+02
  0.743682E+01  0.187045E+02  0.950468E+01  0.000000E+00  0.000000E+00  0.000000E+00  0.171371E+02
  0.768889E+01  0.176267E+02  0.895700E+01  0.000000E+00  0.000000E+00  0.000000E+00  0.161496E+02
  0.794951E+01  0.166102E+02  0.844046E+01  0.000000E+00  0.000000E+00  0.000000E+00  0.152183E+02
  0.821895E+01  0.156515E+02  0.795332E+01  0.000000E+00  0.000000E+00  0.000000E+00  0.143400E+02
  0.849754E+01  0.147474E+02  0.749390E+01  0.000000E+00  0.000000E+00  0.000000E+00  0.135117E+02
  0.878556E+01  0.138950E+02  0.706072E+01  0.000000E+00  0.000000E+00  0.000000E+00  0.127306E+02
  0.908335E+01  0.130912E+02  0.665225E+01  0.000000E+00  0.000000E+00  0.000000E+00  0.119942E+02
  0.939123E+01  0.123333E+02  0.626712E+01  0.000000E+00  0.000000E+00  0.000000E+00  0.112998E+02
  0.970955E+01  0.116187E+02  0.590400E+01  0.000000E+00  0.000000E+00  0.000000E+00  0.106451E+02
  0.100386E+02  0.109451E+02  0.556168E+01  0.000000E+00  0.000000E+00  0.000000E+00  0.100279E+02
  0.103789E+02  0.103101E+02  0.523897E+01  0.000000E+00  0.000000E+00  0.000000E+00  0.944609E+01
  0.107307E+02  0.971141E+01  0.493475E+01  0.000000E+00  0.000000E+00  0.000000E+00  0.889761E+01
  0.110944E+02  0.914714E+01  0.464800E+01  0.000000E+00  0.000000E+00  0.000000E+00  0.838062E+01
  0.114705E+02  0.861531E+01  0.437773E+01  0.000000E+00  0.000000E+00  0.000000E+00  0.789335E+01
  0.118593E+02  0.811402E+01  0.412298E+01  0.000000E+00  0.000000E+00  0.000000E+00  0.743406E+01
  0.122612E+02  0.764155E+01  0.388287E+01  0.000000E+00  0.000000E+00  0.000000E+00  0.700118E+01
  0.126768E+02  0.719635E+01  0.365662E+01  0.000000E+00  0.000000E+00  0.000000E+00  0.659328E+01
  0.131065E+02  0.677677E+01  0.344339E+01  0.000000E+00  0.000000E+00  0.000000E+00  0.620886E+01
  0.135508E+02  0.638141E+01  0.324247E+01  0.000000E+00  0.000000E+00  0.000000E+00  0.584663E+01
  0.140101E+02  0.600888E+01  0.305314E+01  0.000000E+00  0.000000E+00  0.000000E+00  0.550531E+01
  0.144849E+02  0.565786E+01  0.287475E+01  0.000000E+00  0.000000E+00  0.000000E+00  0.518370E+01
  0.149759E+02  0.532713E+01  0.270667E+01  0.000000E+00  0.000000E+00  0.000000E+00  0.488068E+01
  0.154835E+02  0.501556E+01  0.254832E+01  0.000000E+00  0.000000E+00  0.000000E+00  0.459522E+01
  0.160083E+02  0.472201E+01  0.239913E+01  0.000000E+00  0.000000E+00  0.000000E+00  0.432626E+01
  0.165509E+02  0.444548E+01  0.225859E+01  0.000000E+00  0.000000E+00  0.000000E+00  0.407290E+01
  0.171119E+02  0.418499E+01  0.212620E+01  0.000000E+00  0.000000E+00  0.000000E+00  0.383423E+01
  0.176919E+02  0.393961E+01  0.200149E+01  0.000000E+00  0.000000E+00  0.000000E+00  0.360941E+01
  0.182916E+02  0.370848E+01  0.188402E+01  0.000000E+00  0.000000E+00  0.000000E+00  0.339765E+01
  0.189116E+02  0.349079E+01  0.177338E+01  0.000000E+00  0.000000E+00  0.000000E+00  0.319820E+01
  0.195526E+02  0.328575E+01  0.166917E+01  0.000000E+00  0.000000E+00  0.000000E+00  0.301034E+01
  0.202154E+02  0.309265E+01  0.157103E+01  0.000000E+00  0.000000E+00  0.000000E+00  0.283341E+01
  0.209006E+02  0.291080E+01  0.147860E+01  0.000000E+00  0.000000E+00  0.000000E+00  0.266679E+01
  0.216090E+02  0.273954E+01  0.139156E+01  0.000000E+00  0.000000E+00  0.000000E+00  0.250988E+01
  0.223414E+02  0.257827E+01  0.130959E+01  0.000000E+00  0.000000E+00  0.000000E+00  0.236212E+01
  0.230987E+02  0.242641E+01  0.123240E+01  0.000000E+00  0.000000E+00  0.000000E+00  0.222298E+01
  0.238816E+02  0.228342E+01  0.115973E+01  0.000000E+00  0.000000E+00  0.000000E+00  0.209197E+01
  0.246911E+02  0.214877E+01  0.109129E+01  0.000000E+00  0.000000E+00  0.000000E+00  0.196860E+01
  0.255280E+02  0.202201E+01  0.102686E+01  0.000000E+00  0.000000E+00  0.000000E+00  0.185246E+01
  0.263933E+02  0.190265E+01  0.966190E+00  0.000000E+00  0.000000E+00  0.000000E+00  0.174311E+01
  0.272879E+02  0.179029E+01  0.909078E+00  0.000000E+00  0.000000E+00  0.000000E+00  0.164016E+01
  0.282128E+02  0.168450E+01  0.855307E+00  0.000000E+00  0.000000E+00  0.000000E+00  0.154323E+01
  0.291691E+02  0.158493E+01  0.804692E+00  0.000000E+00  0.000000E+00  0.000000E+00  0.145200E+01
  0.301578E+02  0.149118E+01  0.757041E+00  0.000000E+00  0.000000E+00  0.000000E+00  0.136611E+01
  0.311800E+02  0.140294E+01  0.712188E+00  0.000000E+00  0.000000E+00  0.000000E+00  0.128526E+01
  0.322368E+02  0.131988E+01  0.669966E+00  0.000000E+00  0.000000E+00  0.000000E+00  0.120915E+01
  0.333295E+02  0.124170E+01  0.630224E+00  0.000000E+00  0.000000E+00  0.000000E+00  0.113752E+01
  0.344592E+02  0.116811E+01  0.592819E+00  0.000000E+00  0.000000E+00  0.000000E+00  0.107010E+01
  0.356272E+02  0.109885E+01  0.557612E+00  0.000000E+00  0.000000E+00  0.000000E+00  0.100664E+01
  0.368348E+02  0.103367E+01  0.524478E+00  0.000000E+00  0.000000E+00  0.000000E+00  0.946921E+00
  0.380833E+02  0.972329E+00  0.493294E+00  0.000000E+00  0.000000E+00  0.000000E+00  0.890715E+00
  0.393741E+02  0.914600E+00  0.463947E+00  0.000000E+00  0.000000E+00  0.000000E+00  0.837822E+00
  0.407088E+02  0.860272E+00  0.436329E+00  0.000000E+00  0.000000E+00  0.000000E+00  0.788044E+00
  0.420886E+02  0.809150E+00  0.410340E+00  0.000000E+00  0.000000E+00  0.000000E+00  0.741204E+00
  0.435152E+02  0.761041E+00  0.385883E+00  0.000000E+00  0.000000E+00  0.000000E+00  0.697125E+00
  0.449901E+02  0.715776E+00  0.362870E+00  0.000000E+00  0.000000E+00  0.000000E+00  0.655651E+00
  0.465151E+02  0.673182E+00  0.341216E+00  0.000000E+00  0.000000E+00  0.000000E+00  0.616625E+00
  0.480917E+02  0.633105E+00  0.320841E+00  0.000000E+00  0.000000E+00  0.000000E+00  0.579905E+00
  0.497218E+02  0.595399E+00  0.301670E+00  0.000000E+00  0.000000E+00  0.000000E+00  0.545356E+00
  0.514071E+02  0.559924E+00  0.283634E+00  0.000000E+00  0.000000E+00  0.000000E+00  0.512852E+00
  0.531495E+02  0.526547E+00  0.266664E+00  0.000000E+00  0.000000E+00  0.000000E+00  0.482271E+00
  0.549511E+02  0.495147E+00  0.250699E+00  0.000000E+00  0.000000E+00  0.000000E+00  0.453501E+00
  0.568136E+02  0.465609E+00  0.235680E+00  0.000000E+00  0.000000E+00  0.000000E+00  0.426436E+00
  0.587394E+02  0.437820E+00  0.221550E+00  0.000000E+00  0.000000E+00  0.000000E+00  0.400974E+00
  0.607303E+02  0.411680E+00  0.208258E+00  0.000000E+00  0.000000E+00  0.000000E+00  0.377023E+00
  0.627888E+02  0.387090E+00  0.195755E+00  0.000000E+00  0.000000E+00  0.000000E+00  0.354492E+00
  0.649170E+02  0.363960E+00  0.183993E+00  0.000000E+00  0.000000E+00  0.000000E+00  0.333299E+00
  0.671174E+02  0.342203E+00  0.172929E+00  0.000000E+00  0.000000E+00  0.000000E+00  0.313364E+00
  0.693923E+02  0.321739E+00  0.162523E+00  0.000000E+00  0.000000E+00  0.000000E+00  0.294613E+00
  0.717444E+02  0.302491E+00  0.152734E+00  0.000000E+00  0.000000E+00  0.000000E+00  0.276977E+00
  0.741761E+02  0.284388E+00  0.143527E+00  0.000000E+00  0.000000E+00  0.000000E+00  0.260389E+00
  0.766904E+02  0.267362E+00  0.134868E+00  0.000000E+00  0.000000E+00  0.000000E+00  0.244789E+00
  0.792898E+02  0.251349E+00  0.126724E+00  0.000000E+00  0.000000E+00  0.000000E+00  0.230116E+00
  0.819773E+02  0.236289E+00  0.119064E+00  0.000000E+00  0.000000E+00  0.000000E+00  0.216318E+00
  0.847559E+02  0.222127E+00  0.111860E+00  0.000000E+00  0.000000E+00  0.000000E+00  0.203341E+00
  0.876288E+02  0.208808E+00  0.105086E+00  0.000000E+00  0.000000E+00  0.000000E+00  0.191137E+00
  0.905989E+02  0.196284E+00  0.987147E-01  0.000000E+00  0.000000E+00  0.000000E+00  0.179661E+00
  0.936699E+02  0.184506E+00  0.927230E-01  0.000000E+00  0.000000E+00  0.000000E+00  0.168869E+00
  0.968448E+02  0.173431E+00  0.870886E-01  0.000000E+00  0.000000E+00  0.000000E+00  0.158720E+00
  0.100127E+03  0.163017E+00  0.817906E-01  0.000000E+00  0.000000E+00  0.000000E+00  0.149178E+00
  0.103521E+03  0.153225E+00  0.768088E-01  0.000000E+00  0.000000E+00  0.000000E+00  0.140206E+00
  0.107030E+03  0.144018E+00  0.721239E-01  0.000000E+00  0.000000E+00  0.000000E+00  0.131769E+00
  0.110658E+03  0.135361E+00  0.677190E-01  0.000000E+00  0.000000E+00  0.000000E+00  0.123837E+00
  0.114409E+03  0.127222E+00  0.635772E-01  0.000000E+00  0.000000E+00  0.000000E+00  0.116379E+00
  0.118286E+03  0.119569E+00  0.596828E-01  0.000000E+00  0.000000E+00  0.000000E+00  0.109367E+00
  0.122296E+03  0.112375E+00  0.560212E-01  0.000000E+00  0.000000E+00  0.000000E+00  0.102774E+00
  0.126441E+03  0.105611E+00  0.525785E-01  0.000000E+00  0.000000E+00  0.000000E+00  0.965755E-01
  0.130727E+03  0.992517E-01  0.493418E-01  0.000000E+00  0.000000E+00  0.000000E+00  0.907485E-01
  0.135158E+03  0.932736E-01  0.462987E-01  0.000000E+00  0.000000E+00  0.000000E+00  0.852704E-01
  0.139739E+03  0.876534E-01  0.434377E-01  0.000000E+00  0.000000E+00  0.000000E+00  0.801204E-01
  0.144475E+03  0.823704E-01  0.407481E-01  0.000000E+00  0.000000E+00  0.000000E+00  0.752792E-01
  0.149372E+03  0.774042E-01  0.382196E-01  0.000000E+00  0.000000E+00  0.000000E+00  0.707283E-01
  0.154436E+03  0.727356E-01  0.358425E-01  0.000000E+00  0.000000E+00  0.000000E+00  0.664501E-01
  0.159670E+03  0.683475E-01  0.336079E-01  0.000000E+00  0.000000E+00  0.000000E+00  0.624289E-01
  0.165082E+03  0.642227E-01  0.315074E-01  0.000000E+00  0.000000E+00  0.000000E+00  0.586489E-01
  0.170677E+03  0.603456E-01  0.295328E-01  0.000000E+00  0.000000E+00  0.000000E+00  0.550960E-01
  0.176463E+03  0.567011E-01  0.276767E-01  0.000000E+00  0.000000E+00  0.000000E+00  0.517562E-01
  0.182444E+03  0.532759E-01  0.259320E-01  0.000000E+00  0.000000E+00  0.000000E+00  0.486173E-01
  0.188628E+03  0.500565E-01  0.242921E-01  0.000000E+00  0.000000E+00  0.000000E+00  0.456670E-01
  0.195021E+03  0.470306E-01  0.227507E-01  0.000000E+00  0.000000E+00  0.000000E+00  0.428941E-01
  0.201632E+03  0.441866E-01  0.213019E-01  0.000000E+00  0.000000E+00  0.000000E+00  0.402878E-01
  0.208466E+03  0.415140E-01  0.199404E-01  0.000000E+00  0.000000E+00  0.000000E+00  0.378385E-01
  0.215532E+03  0.390021E-01  0.186607E-01  0.000000E+00  0.000000E+00  0.000000E+00  0.355366E-01
  0.222837E+03  0.366416E-01  0.174581E-01  0.000000E+00  0.000000E+00  0.000000E+00  0.333733E-01
  0.230391E+03  0.344230E-01  0.163279E-01  0.000000E+00  0.000000E+00  0.000000E+00  0.313401E-01
  0.238200E+03  0.323382E-01  0.152658E-01  0.000000E+00  0.000000E+00  0.000000E+00  0.294296E-01
  0.246273E+03  0.303791E-01  0.142679E-01  0.000000E+00  0.000000E+00  0.000000E+00  0.276342E-01
  0.254621E+03  0.285380E-01  0.133301E-01  0.000000E+00  0.000000E+00  0.000000E+00  0.259470E-01
  0.263252E+03  0.268080E-01  0.124491E-01  0.000000E+00  0.000000E+00  0.000000E+00  0.243616E-01
  0.272174E+03  0.251823E-01  0.116213E-01  0.000000E+00  0.000000E+00  0.000000E+00  0.228719E-01
  0.281400E+03  0.236548E-01  0.108437E-01  0.000000E+00  0.000000E+00  0.000000E+00  0.214721E-01
  0.290938E+03  0.222193E-01  0.101131E-01  0.000000E+00  0.000000E+00  0.000000E+00  0.201568E-01
  0.300799E+03  0.208706E-01  0.942702E-02  0.000000E+00  0.000000E+00  0.000000E+00  0.189210E-01
  0.310995E+03  0.196034E-01  0.878259E-02  0.000000E+00  0.000000E+00  0.000000E+00  0.177598E-01
  0.321536E+03  0.184127E-01  0.817743E-02  0.000000E+00  0.000000E+00  0.000000E+00  0.166689E-01
  0.332435E+03  0.172939E-01  0.760918E-02  0.000000E+00  0.000000E+00  0.000000E+00  0.156439E-01
  0.343702E+03  0.162428E-01  0.707572E-02  0.000000E+00  0.000000E+00  0.000000E+00  0.146810E-01
  0.355352E+03  0.152552E-01  0.657496E-02  0.000000E+00  0.000000E+00  0.000000E+00  0.137764E-01
  0.367397E+03  0.143274E-01  0.610500E-02  0.000000E+00  0.000000E+00  0.000000E+00  0.129266E-01
  0.379850E+03  0.134557E-01  0.566400E-02  0.000000E+00  0.000000E+00  0.000000E+00  0.121282E-01
  0.392725E+03  0.126367E-01  0.525030E-02  0.000000E+00  0.000000E+00  0.000000E+00  0.113783E-01
  0.406036E+03  0.118673E-01  0.486232E-02  0.000000E+00  0.000000E+00  0.000000E+00  0.106739E-01
  0.419799E+03  0.111445E-01  0.449856E-02  0.000000E+00  0.000000E+00  0.000000E+00  0.100123E-01
  0.434028E+03  0.104656E-01  0.415762E-02  0.000000E+00  0.000000E+00  0.000000E+00  0.939087E-02
  0.448740E+03  0.982771E-02  0.383819E-02  0.000000E+00  0.000000E+00  0.000000E+00  0.880727E-02
  0.463949E+03  0.922853E-02  0.353904E-02  0.000000E+00  0.000000E+00  0.000000E+00  0.825921E-02
  0.479676E+03  0.866563E-02  0.325900E-02  0.000000E+00  0.000000E+00  0.000000E+00  0.774450E-02
  0.495934E+03  0.813690E-02  0.299701E-02  0.000000E+00  0.000000E+00  0.000000E+00  0.726122E-02
  0.512744E+03  0.764025E-02  0.275205E-02  0.000000E+00  0.000000E+00  0.000000E+00  0.680745E-02
  0.530123E+03  0.717374E-02  0.252317E-02  0.000000E+00  0.000000E+00  0.000000E+00  0.638142E-02
  0.548092E+03  0.673553E-02  0.230945E-02  0.000000E+00  0.000000E+00  0.000000E+00  0.598146E-02
  0.566670E+03  0.632394E-02  0.211009E-02  0.000000E+00  0.000000E+00  0.000000E+00  0.560603E-02
  0.585877E+03  0.593736E-02  0.192429E-02  0.000000E+00  0.000000E+00  0.000000E+00  0.525365E-02
  0.605735E+03  0.557427E-02  0.175131E-02  0.000000E+00  0.000000E+00  0.000000E+00  0.492295E-02
  0.626267E+03  0.523323E-02  0.159044E-02  0.000000E+00  0.000000E+00  0.000000E+00  0.461260E-02
  0.647494E+03  0.491294E-02  0.144106E-02  0.000000E+00  0.000000E+00  0.000000E+00  0.432144E-02
  0.669441E+03  0.461214E-02  0.130254E-02  0.000000E+00  0.000000E+00  0.000000E+00  0.404828E-02
  0.692132E+03  0.432963E-02  0.117431E-02  0.000000E+00  0.000000E+00  0.000000E+00  0.379205E-02
  0.715592E+03  0.406432E-02  0.105581E-02  0.000000E+00  0.000000E+00  0.000000E+00  0.355176E-02
  0.739846E+03  0.381518E-02  0.946533E-03  0.000000E+00  0.000000E+00  0.000000E+00  0.332645E-02
  0.764923E+03  0.358122E-02  0.845988E-03  0.000000E+00  0.000000E+00  0.000000E+00  0.311521E-02
  0.790852E+03  0.336149E-02  0.753703E-03  0.000000E+00  0.000000E+00  0.000000E+00  0.291720E-02
  0.817657E+03  0.315519E-02  0.669251E-03  0.000000E+00  0.000000E+00  0.000000E+00  0.273166E-02
  0.845371E+03  0.296147E-02  0.592191E-03  0.000000E+00  0.000000E+00  0.000000E+00  0.255781E-02
  0.874025E+03  0.277957E-02  0.522124E-03  0.000000E+00  0.000000E+00  0.000000E+00  0.239497E-02
  0.903651E+03  0.260878E-02  0.458644E-03  0.000000E+00  0.000000E+00  0.000000E+00  0.224246E-02
  0.934280E+03  0.244843E-02  0.401381E-03  0.000000E+00  0.000000E+00  0.000000E+00  0.209967E-02
  0.965947E+03  0.229788E-02  0.349959E-03  0.000000E+00  0.000000E+00  0.000000E+00  0.196602E-02
  0.998688E+03  0.215655E-02  0.304010E-03  0.000000E+00  0.000000E+00  0.000000E+00  0.184093E-02
  0.103254E+04  0.202386E-02  0.263174E-03  0.000000E+00  0.000000E+00  0.000000E+00  0.172389E-02
  0.106754E+04  0.189930E-02  0.227107E-03  0.000000E+00  0.000000E+00  0.000000E+00  0.161441E-02
  0.110372E+04  0.178238E-02  0.195455E-03  0.000000E+00  0.000000E+00  0.000000E+00  0.151201E-02
  0.114113E+04  0.167261E-02  0.167870E-03  0.000000E+00  0.000000E+00  0.000000E+00  0.141625E-02
  0.117981E+04  0.156960E-02  0.144018E-03  0.000000E+00  0.000000E+00  0.000000E+00  0.132672E-02
  0.121980E+04  0.147291E-02  0.123554E-03  0.000000E+00  0.000000E+00  0.000000E+00  0.124302E-02
  0.126115E+04  0.138216E-02  0.106146E-03  0.000000E+00  0.000000E+00  0.000000E+00  0.116476E-02
  0.130389E+04  0.129698E-02  0.914606E-04  0.000000E+00  0.000000E+00  0.000000E+00  0.109159E-02
  0.134809E+04  0.121705E-02  0.791773E-04  0.000000E+00  0.000000E+00  0.000000E+00  0.102319E-02
  0.139378E+04  0.114204E-02  0.689802E-04  0.000000E+00  0.000000E+00  0.000000E+00  0.959219E-03
  0.144102E+04  0.107165E-02  0.605656E-04  0.000000E+00  0.000000E+00  0.000000E+00  0.899387E-03
  0.148987E+04  0.100559E-02  0.536445E-04  0.000000E+00  0.000000E+00  0.000000E+00  0.843405E-03
  0.154037E+04  0.943604E-03  0.479455E-04  0.000000E+00  0.000000E+00  0.000000E+00  0.791011E-03
  0.159258E+04  0.885444E-03  0.432185E-04  0.000000E+00  0.000000E+00  0.000000E+00  0.741954E-03
  0.164656E+04  0.830874E-03  0.392390E-04  0.000000E+00  0.000000E+00  0.000000E+00  0.696003E-03
  0.170237E+04  0.779667E-03  0.358090E-04  0.000000E+00  0.000000E+00  0.000000E+00  0.652935E-03
  0.176007E+04  0.731622E-03  0.327631E-04  0.000000E+00  0.000000E+00  0.000000E+00  0.612557E-03
  0.181973E+04  0.686543E-03  0.299685E-04  0.000000E+00  0.000000E+00  0.000000E+00  0.574682E-03
  0.188141E+04  0.644243E-03  0.273258E-04  0.000000E+00  0.000000E+00  0.000000E+00  0.539139E-03
  0.194518E+04  0.604555E-03  0.247703E-04  0.000000E+00  0.000000E+00  0.000000E+00  0.505777E-03
  0.201111E+04  0.567316E-03  0.222688E-04  0.000000E+00  0.000000E+00  0.000000E+00  0.474456E-03
  0.207928E+04  0.532373E-03  0.198163E-04  0.000000E+00  0.000000E+00  0.000000E+00  0.445048E-03
  0.214976E+04  0.499582E-03  0.174311E-04  0.000000E+00  0.000000E+00  0.000000E+00  0.417438E-03
  0.222262E+04  0.468814E-03  0.151489E-04  0.000000E+00  0.000000E+00  0.000000E+00  0.391523E-03
  0.229796E+04  0.439942E-03  0.130139E-04  0.000000E+00  0.000000E+00  0.000000E+00  0.367206E-03
  0.237585E+04  0.412848E-03  0.110716E-04  0.000000E+00  0.000000E+00  0.000000E+00  0.344398E-03
  0.245638E+04  0.387421E-03  0.936095E-05  0.000000E+00  0.000000E+00  0.000000E+00  0.323011E-03
  0.253964E+04  0.363561E-03  0.790799E-05  0.000000E+00  0.000000E+00  0.000000E+00  0.302968E-03
  0.262572E+04  0.341169E-03  0.672034E-05  0.000000E+00  0.000000E+00  0.000000E+00  0.284189E-03
  0.271471E+04  0.320156E-03  0.578583E-05  0.000000E+00  0.000000E+00  0.000000E+00  0.266596E-03
  0.280673E+04  0.300434E-03  0.507320E-05  0.000000E+00  0.000000E+00  0.000000E+00  0.250114E-03
  0.290187E+04  0.281928E-03  0.453664E-05  0.000000E+00  0.000000E+00  0.000000E+00  0.234669E-03
  0.300022E+04  0.264561E-03  0.412215E-05  0.000000E+00  0.000000E+00  0.000000E+00  0.220190E-03
  0.310192E+04  0.248261E-03  0.377608E-05  0.000000E+00  0.000000E+00  0.000000E+00  0.206608E-03
  0.320706E+04  0.232966E-03  0.345335E-05  0.000000E+00  0.000000E+00  0.000000E+00  0.193864E-03
  0.331576E+04  0.218613E-03  0.312403E-05  0.000000E+00  0.000000E+00  0.000000E+00  0.181900E-03
  0.342815E+04  0.205143E-03  0.277676E-05  0.000000E+00  0.000000E+00  0.000000E+00  0.170666E-03
  0.354435E+04  0.192502E-03  0.241787E-05  0.000000E+00  0.000000E+00  0.000000E+00  0.160117E-03
  0.366448E+04  0.180639E-03  0.206658E-05  0.000000E+00  0.000000E+00  0.000000E+00  0.150216E-03
  0.378869E+04  0.169507E-03  0.174683E-05  0.000000E+00  0.000000E+00  0.000000E+00  0.140926E-03
  0.391711E+04  0.159060E-03  0.147877E-05  0.000000E+00  0.000000E+00  0.000000E+00  0.132213E-03
  0.404988E+04  0.149256E-03  0.127164E-05  0.000000E+00  0.000000E+00  0.000000E+00  0.124044E-03
  0.418715E+04  0.140055E-03  0.112099E-05  0.000000E+00  0.000000E+00  0.000000E+00  0.116385E-03
  0.432907E+04  0.131421E-03  0.101088E-05  0.000000E+00  0.000000E+00  0.000000E+00  0.109203E-03
  0.447581E+04  0.123318E-03  0.920395E-06  0.000000E+00  0.000000E+00  0.000000E+00  0.102465E-03
  0.462752E+04  0.115714E-03  0.831680E-06  0.000000E+00  0.000000E+00  0.000000E+00  0.961418E-04
  0.478437E+04  0.108579E-03  0.736319E-06  0.000000E+00  0.000000E+00  0.000000E+00  0.902058E-04
  0.494653E+04  0.101883E-03  0.636856E-06  0.000000E+00  0.000000E+00  0.000000E+00  0.846336E-04
  0.511420E+04  0.955989E-04  0.543075E-06  0.000000E+00  0.000000E+00  0.000000E+00  0.794042E-04
  0.528755E+04  0.897022E-04  0.465039E-06  0.000000E+00  0.000000E+00  0.000000E+00  0.744988E-04
  0.546677E+04  0.841685E-04  0.406723E-06  0.000000E+00  0.000000E+00  0.000000E+00  0.698980E-04
  0.565206E+04  0.789757E-04  0.364141E-06  0.000000E+00  0.000000E+00  0.000000E+00  0.655826E-04
  0.584365E+04  0.741026E-04  0.328611E-06  0.000000E+00  0.000000E+00  0.000000E+00  0.615337E-04
  0.604171E+04  0.695299E-04  0.292842E-06  0.000000E+00  0.000000E+00  0.000000E+00  0.577339E-04
  0.624650E+04  0.652387E-04  0.255280E-06  0.000000E+00  0.000000E+00  0.000000E+00  0.541674E-04
  0.645822E+04  0.612120E-04  0.219626E-06  0.000000E+00  0.000000E+00  0.000000E+00  0.508207E-04
  0.667713E+04  0.574334E-04  0.190325E-06  0.000000E+00  0.000000E+00  0.000000E+00  0.476809E-04
  0.690345E+04  0.538877E-04  0.168245E-06  0.000000E+00  0.000000E+00  0.000000E+00  0.447355E-04
  0.713744E+04  0.505606E-04  0.150326E-06  0.000000E+00  0.000000E+00  0.000000E+00  0.419722E-04
  0.737936E+04  0.474386E-04  0.133029E-06  0.000000E+00  0.000000E+00  0.000000E+00  0.393791E-04
  0.762949E+04  0.445088E-04  0.115667E-06  0.000000E+00  0.000000E+00  0.000000E+00  0.369455E-04
  0.788809E+04  0.417599E-04  0.100104E-06  0.000000E+00  0.000000E+00  0.000000E+00  0.346623E-04
  0.815546E+04  0.391804E-04  0.877479E-07  0.000000E+00  0.000000E+00  0.000000E+00  0.325202E-04
  0.843190E+04  0.367599E-04  0.777609E-07  0.000000E+00  0.000000E+00  0.000000E+00  0.305103E-04
  0.871769E+04  0.344888E-04  0.684981E-07  0.000000E+00  0.000000E+00  0.000000E+00  0.286246E-04
  0.901318E+04  0.323577E-04  0.596572E-07  0.000000E+00  0.000000E+00  0.000000E+00  0.268551E-04
  0.931867E+04  0.303581E-04  0.520680E-07  0.000000E+00  0.000000E+00  0.000000E+00  0.251948E-04
  0.963454E+04  0.284818E-04  0.459435E-07  0.000000E+00  0.000000E+00  0.000000E+00  0.236371E-04
  0.996110E+04  0.267213E-04  0.405635E-07  0.000000E+00  0.000000E+00  0.000000E+00  0.221757E-04
  0.102987E+05  0.250694E-04  0.355411E-07  0.000000E+00  0.000000E+00  0.000000E+00  0.208044E-04
  0.106478E+05  0.235195E-04  0.311628E-07  0.000000E+00  0.000000E+00  0.000000E+00  0.195178E-04
  0.110087E+05  0.220652E-04  0.274888E-07  0.000000E+00  0.000000E+00  0.000000E+00  0.183106E-04
  0.113819E+05  0.207007E-04  0.241796E-07  0.000000E+00  0.000000E+00  0.000000E+00  0.171780E-04
  0.117676E+05  0.194204E-04  0.211667E-07  0.000000E+00  0.000000E+00  0.000000E+00  0.161154E-04
  0.121665E+05  0.182192E-04  0.185700E-07  0.000000E+00  0.000000E+00  0.000000E+00  0.151184E-04
  0.125789E+05  0.170921E-04  0.162913E-07  0.000000E+00  0.000000E+00  0.000000E+00  0.141829E-04
  0.130053E+05  0.160347E-04  0.142458E-07  0.000000E+00  0.000000E+00  0.000000E+00  0.133053E-04
  0.134461E+05  0.150426E-04  0.124826E-07  0.000000E+00  0.000000E+00  0.000000E+00  0.124819E-04
  0.139018E+05  0.141117E-04  0.109564E-07  0.000000E+00  0.000000E+00  0.000000E+00  0.117093E-04
  0.143730E+05  0.132383E-04  0.961636E-08  0.000000E+00  0.000000E+00  0.000000E+00  0.109846E-04
  0.148602E+05  0.124190E-04  0.846216E-08  0.000000E+00  0.000000E+00  0.000000E+00  0.103046E-04
  0.153639E+05  0.116502E-04  0.744738E-08  0.000000E+00  0.000000E+00  0.000000E+00  0.966664E-05
  0.158847E+05  0.109289E-04  0.654704E-08  0.000000E+00  0.000000E+00  0.000000E+00  0.906806E-05
  0.164231E+05  0.102522E-04  0.574839E-08  0.000000E+00  0.000000E+00  0.000000E+00  0.850654E-05
  0.169797E+05  0.961741E-05  0.503453E-08  0.000000E+00  0.000000E+00  0.000000E+00  0.797975E-05
  0.175553E+05  0.902181E-05  0.440555E-08  0.000000E+00  0.000000E+00  0.000000E+00  0.748551E-05
  0.181503E+05  0.846302E-05  0.385645E-08  0.000000E+00  0.000000E+00  0.000000E+00  0.702183E-05
  0.187655E+05  0.793880E-05  0.338385E-08  0.000000E+00  0.000000E+00  0.000000E+00  0.658684E-05
  0.194016E+05  0.744700E-05  0.297654E-08  0.000000E+00  0.000000E+00  0.000000E+00  0.617876E-05
  0.200592E+05  0.698561E-05  0.262132E-08  0.000000E+00  0.000000E+00  0.000000E+00  0.579592E-05
  0.207391E+05  0.655275E-05  0.230487E-08  0.000000E+00  0.000000E+00  0.000000E+00  0.543675E-05
  0.214421E+05  0.614669E-05  0.201995E-08  0.000000E+00  0.000000E+00  0.000000E+00  0.509982E-05
  0.221688E+05  0.576574E-05  0.176613E-08  0.000000E+00  0.000000E+00  0.000000E+00  0.478373E-05
  0.229203E+05  0.540835E-05  0.154548E-08  0.000000E+00  0.000000E+00  0.000000E+00  0.448719E-05
  0.236971E+05  0.507309E-05  0.135755E-08  0.000000E+00  0.000000E+00  0.000000E+00  0.420902E-05
  0.245004E+05  0.475859E-05  0.119612E-08  0.000000E+00  0.000000E+00  0.000000E+00  0.394807E-05
  0.253308E+05  0.446355E-05  0.105259E-08  0.000000E+00  0.000000E+00  0.000000E+00  0.370327E-05
  0.261894E+05  0.418675E-05  0.921989E-09  0.000000E+00  0.000000E+00  0.000000E+00  0.347361E-05
  0.270771E+05  0.392712E-05  0.805310E-09  0.000000E+00  0.000000E+00  0.000000E+00  0.325819E-05
  0.279949E+05  0.368355E-05  0.705727E-09  0.000000E+00  0.000000E+00  0.000000E+00  0.305610E-05
  0.289437E+05  0.345507E-05  0.621784E-09  0.000000E+00  0.000000E+00  0.000000E+00  0.286654E-05
  0.299248E+05  0.324073E-05  0.547641E-09  0.000000E+00  0.000000E+00  0.000000E+00  0.268870E-05
  0.309391E+05  0.303967E-05  0.479391E-09  0.000000E+00  0.000000E+00  0.000000E+00  0.252188E-05
